0
0
0
0
0
0
0
0
0
0
0
-1
0
2
-1
-1
2
1
1
-1
-2
-1
1
2
-3
-1
2
-4
-8
-16
-12
-3
3
-13
-38
18
58
3
-43
-33
-3
-8
-15
22
42
8
-31
-20
-4
13
13
7
43
35
9
37
5
-74
-38
45
43
-5
-5
65
33
-93
-27
101
-2
-52
46
38
-26
-85
-63
79
75
4
26
5
94
126
24
48
25
88
240
119
-34
2
17
-24
-49
-29
54
90
164
75
-249
-236
56
121
-69
-152
68
115
-42
26
24
-81
98
151
90
136
-15
-69
105
202
113
-75
56
271
89
-70
-90
-154
-130
-159
-83
56
67
89
-150
-350
-92
66
-63
-115
-85
-20
73
79
98
123
-144
-330
-154
-232
-115
364
225
-96
53
137
150
263
155
43
-120
-312
-126
73
-6
-158
41
239
-105
-242
90
226
143
-103
-118
134
-46
-49
250
67
-17
379
299
-153
-89
-96
-222
-41
37
63
140
179
93
-186
-363
-64
387
79
-413
-38
299
-39
-186
85
-7
-336
-177
82
114
140
95
-71
-9
317
308
34
-64
-113
-83
-1
145
242
192
274
231
-67
-164
-300
-471
-420
-334
-241
65
403
600
683
733
470
-122
-682
-1053
-1210
-943
-669
-206
614
1185
1410
1557
1312
575
-530
-1374
-1893
-2204
-1748
-625
212
1201
2455
2975
2652
1787
530
-936
-2527
-3590
-3495
-2595
-1056
636
2420
3894
4381
3896
2153
-54
-1987
-3693
-4724
-4476
-3427
-1152
1422
3482
5105
5781
4720
2339
-307
-3143
-5311
-6366
-5788
-3998
-859
2409
4931
6575
6467
4937
2341
-1056
-4647
-6535
-7336
-6655
-4008
-450
3426
6226
7667
7362
5522
1964
-2074
-5916
-8900
-9001
-7222
-3989
346
4858
8076
9175
8405
5420
1408
-3099
-7278
-9626
-9566
-7294
-3467
1431
5956
9246
10404
8879
5118
45
-4444
-8028
-10046
-9564
-7125
-2845
2589
7339
10080
10502
8564
4793
-215
-5385
-8926
-10395
-9568
-6306
-1633
3573
7991
10218
10153
7853
3663
-1323
-6256
-9829
-10611
-8990
-5436
-517
4249
8287
10504
9803
6986
2612
-2318
-6616
-9814
-10567
-8527
-4472
801
5600
9030
10547
9765
6907
1960
-3556
-7783
-10356
-10537
-7959
-3558
1679
6394
9541
10667
9020
5342
494
-4786
-8510
-10438
-10335
-7235
-2412
2823
7434
9965
10342
8432
4236
-590
-5248
-9218
-10875
-9975
-6681
-1443
3834
8038
10422
9950
7362
3594
-1362
-6212
-9776
-11470
-9859
-5189
399
5307
8625
9678
8717
6388
3051
-1207
-6070
-10023
-11799
-10170
-4681
2095
7500
9998
9410
7495
5102
2502
-922
-6269
-11324
-13058
-10445
-3490
4440
9014
9849
8188
5705
4267
2866
-959
-7012
-12416
-14072
-9869
-1156
6952
10486
9314
6330
4407
3966
3355
-371
-7510
-13933
-15110
-9060
1238
9498
11840
8739
4297
2944
4177
3772
-1002
-9164
-15964
-15914
-7689
3925
11620
12116
7375
2475
2084
4721
4578
-1275
-10737
-17581
-15694
-5117
7049
13049
11141
5218
1024
2174
5936
5296
-2528
-13065
-18882
-14818
-2712
9422
14336
10630
3241
-361
2558
6951
5016
-4125
-14074
-18680
-13416
254
12554
15105
8850
1383
-655
3415
7497
4344
-6492
-16456
-18072
-10698
2887
13812
14417
7395
544
-203
4569
7811
2700
-8248
-17291
-17903
-7707
6315
14589
13344
5684
-321
525
5579
7442
915
-11185
-19812
-18045
-5885
8670
15469
12076
3993
-946
1438
6814
6994
-1144
-13316
-20595
-16302
-2715
10794
15658
10580
2446
-623
2686
7111
5729
-4200
-14602
-17656
-12640
299
12856
15369
9158
1243
-800
3809
7899
4646
-6069
-16972
-19664
-11128
3571
14075
14286
6996
164
-351
4415
7705
3174
-8548
-18845
-18451
-7667
6140
14984
13554
5506
-421
608
6032
7417
607
-10433
-19132
-18125
-5712
8992
15622
11990
3814
-841
1484
6734
6843
-1937
-12679
-18005
-15176
-2821
10817
15328
10459
2685
-584
2589
7214
5959
-3392
-15221
-20533
-13941
527
12640
15189
9079
1651
-274
3663
7404
4154
-5710
-15966
-19743
-11919
3269
14318
14809
7287
184
-160
4657
7651
2560
-7988
-16745
-18308
-8795
5998
14725
13425
6012
-70
470
5767
7744
916
-11774
-19342
-15654
-4840
8299
15863
12400
4121
-539
1462
6523
6922
-1414
-12749
-18440
-14887
-2683
10797
15709
10684
2488
-901
2540
7421
6145
-3902
-14700
-18240
-13019
78
12567
15302
9172
1333
-883
3251
7638
4613
-6113
-15659
-17644
-10515
3309
14166
14627
7317
196
-324
4781
7785
2854
-8525
-18958
-19335
-8052
6457
14827
13323
5642
-203
637
5751
7714
822
-12016
-19336
-15735
-4878
8459
15671
12214
4023
-898
1424
6764
7055
-1292
-13259
-18772
-14049
-2175
10694
15747
10779
2613
-922
2666
7497
5914
-3517
-15587
-20790
-13903
300
12551
15363
8776
860
-958
3420
7913
4560
-6116
-15140
-18023
-11543
3301
14367
14313
7068
278
-214
4627
7667
2886
-8425
-18665
-19471
-8874
5956
14957
13577
5783
-174
671
5644
7312
937
-10963
-19708
-17744
-5587
8688
15482
11984
3903
-796
1169
6291
7052
-1406
-12619
-18162
-15324
-2946
11103
15845
10722
2567
-882
2511
7329
5954
-3700
-15431
-20344
-13857
685
13112
15400
8880
1333
-592
3490
7878
4752
-6305
-15656
-16846
-9971
3076
14053
14633
7393
559
-225
4435
7951
3011
-8626
-16729
-16414
-7816
6150
15371
13569
5583
-436
250
5395
7313
1019
-10564
-19369
-17705
-5387
8413
14552
11449
3993
-546
1291
6016
6457
-1327
-11864
-17266
-14101
-2631
9606
13767
9242
2163
-606
2165
5945
4866
-2967
-12804
-16896
-11199
368
9855
12035
7332
1274
-593
2452
5615
3279
-4712
-12615
-14208
-8061
2029
9444
9684
4723
219
-46
2973
4711
1716
-5091
-10918
-10996
-4777
3569
8295
7110
2802
-244
151
2568
3399
416
-5014
-8933
-7873
-2314
3775
6508
4989
1625
-363
427
2320
2335
-532
-4480
-6546
-4972
-741
3195
4477
3055
799
-225
564
1729
1334
-817
-3274
-4231
-2765
104
2327
2713
1556
218
-102
530
1056
601
-758
-2024
-2193
-1158
339
1298
1259
603
25
-36
285
461
167
-419
-845
-790
-314
214
457
363
128
-13
9
84
94
10
-97
-135
-93
-23
21
