0
0
0
0
0
0
0
0
0
0
0
0
0
0
1
-2
0
0
1
3
-9
4
0
1
3
-2
1
0
0
1
-6
0
0
-8
10
-6
0
0
6
0
-8
-5
3
10
7
-25
0
-1
3
-31
-11
-1
-23
34
-25
0
0
-13
10
-55
-27
7
60
79
-17
-7
2
-22
-44
-44
-1
-5
24
-41
2
-3
-16
14
65
7
-16
103
-86
-14
-1
-63
67
-76
42
8
-34
76
-11
10
-46
86
72
-17
7
24
16
19
46
-27
14
-82
-82
5
-10
38
87
-48
51
27
-45
18
-3
29
130
-12
-56
-22
-76
-97
138
0
116
39
-142
-30
-1
112
46
-64
-20
151
-182
-63
-10
-71
-32
60
139
19
126
-184
118
-9
89
-20
-16
26
74
430
-207
-21
28
166
17
-27
0
61
185
277
-16
166
206
-347
142
51
-107
153
-117
1
-3
-25
-64
-16
32
-104
274
35
34
0
370
-62
33
-326
-256
-105
-29
-54
114
154
-7
-39
-121
-136
-11
-5
83
215
-12
-27
-225
245
24
0
-90
-40
37
-18
92
366
-42
1
-47
417
-4
0
-331
158
98
-38
115
225
65
147
101
-253
74
76
-98
625
-97
85
100
-155
-84
-44
66
-248
-308
53
-4
-88
-403
53
-22
291
-172
58
-51
349
-87
-244
-158
-201
-362
-42
136
26
-98
26
5
-342
124
-32
-158
-111
256
-125
151
78
33
-11
275
45
-141
40
-112
-394
-365
-90
137
-106
-582
-80
283
402
211
38
91
81
-224
0
170
277
-29
-25
261
232
340
15
-107
197
-58
29
-237
-421
-103
-91
147
-109
-34
104
84
-347
9
-85
272
209
5
42
-383
-99
-13
-103
419
-33
350
-204
218
90
-171
-422
216
-2
621
-656
71
-27
150
220
79
189
-254
254
-50
228
533
213
0
-31
-486
220
-84
173
-605
53
-238
165
-59
9
-106
206
129
27
56
303
53
-1
218
-539
85
-376
-308
92
41
274
424
-45
26
-661
-137
44
161
193
154
0
-237
-33
-109
58
83
25
11
-623
-108
-49
-43
-3
172
19
160
2
326
-87
-87
122
89
-430
207
604
52
160
270
96
-214
2
-20
2
-220
-156
65
124
-19
41
6
509
214
-52
136
107
694
7
-220
30
223
-349
-285
-245
-19
-363
-812
-324
246
-285
-873
-60
481
-75
-362
477
835
512
4
370
1295
662
-250
263
1148
-230
-1205
-538
371
-1062
-1859
-743
46
-1073
-1470
-256
709
-735
-861
1015
1957
206
0
1691
2382
628
-225
2065
1908
-553
-1008
545
397
-2294
-2513
-53
-705
-3003
-2839
179
-32
-2055
-1117
2273
959
-1129
1119
4234
2332
0
2499
4531
1156
-953
2064
2594
-1533
-2900
436
-25
-4638
-4594
-618
-1219
-5008
-3250
1173
34
-3182
458
3976
1764
-652
4156
6551
1568
662
5422
4844
-1043
-875
2791
519
-4933
-2892
876
-3888
-7460
-2601
62
-5071
-6071
835
1638
-3067
-904
6100
3483
-568
3941
8806
3517
198
5984
6332
-1166
-2138
3813
448
-7080
-4105
751
-5603
-9825
-2771
-311
-7523
-6366
2424
1120
-4175
1317
8356
2728
-307
7696
9802
1229
1439
8752
4672
-3712
721
4909
-4400
-8969
-564
-1550
-10610
-7816
188
-5544
-10263
-873
3498
-4680
-2534
8367
5579
-1277
6502
11754
3384
873
9929
7806
-3035
365
6782
-3245
-9540
-546
-1122
-13209
-10031
19
-6691
-12940
-1121
2341
-7348
-2713
9182
4046
-2071
9542
12867
1767
3824
13295
6347
-2865
5493
7167
-6643
-5419
2875
-5426
-14814
-4079
-1860
-13635
-10074
1801
-4880
-10111
3111
6870
-3988
2421
14358
5673
562
13748
12499
-613
4834
12094
-753
-6843
4668
-338
-12913
-5417
0
-12867
-12822
-90
-5769
-13988
-421
4019
-7162
-542
12364
4251
-297
13552
12688
81
8692
14292
233
-909
9892
35
-10246
-105
-230
-14685
-8893
-101
-11657
-13930
768
-2870
-11851
1953
7275
-4305
2503
14719
4769
1552
14659
10778
-957
8961
11463
-4428
-1069
7486
-6369
-11387
969
-6353
-16953
-4304
-2106
-14662
-7065
3873
-6685
-5641
9447
3179
-2719
11781
12251
61
9250
15386
750
2005
12559
-561
-6571
5504
-2329
-13242
-2489
-2601
-16323
-7900
-137
-12603
-9057
5105
-3977
-6084
9899
5795
-2210
11798
12758
233
9364
15143
-13
3403
12063
-2562
-6225
5348
-4887
-14222
-1053
-5224
-16997
-4787
-1699
-14611
-4212
5038
-7106
-1442
11592
1273
1188
15727
7034
1282
14858
8969
-2427
8987
6862
-7867
383
2845
-13318
-6678
0
-14442
-11383
508
-11628
-10604
4355
-3801
-6649
9743
4919
-2162
13178
10584
28
12596
12194
-1630
7760
9375
-6350
424
4716
-11336
-6754
763
-14373
-11332
13
-12669
-11274
3519
-6817
-6805
9668
859
-1804
14201
7503
712
14925
9191
-572
11684
6490
-5011
6261
2011
-11463
-141
-2348
-16532
-4739
-3810
-17771
-4795
-17
-12641
-495
7522
-5582
4850
12639
-196
7354
14441
1202
6547
12507
-1305
3855
9055
-6247
-430
4157
-12366
-6527
-273
-16321
-9963
-471
-16216
-7511
5643
-8016
-782
12955
-150
4540
16351
2411
5449
13490
585
4346
10037
-2942
2607
6393
-8193
-101
1002
-16747
-5620
-3124
-20805
-6999
-175
-16508
-558
8218
-5404
7111
14297
-311
9134
13029
-219
7829
7088
-1336
7443
3032
-2710
7811
-2931
-8694
3713
-11641
-16382
-83
-15207
-17807
3940
-8635
-8409
13708
1944
1020
17630
4783
3227
12819
1424
2872
7522
-1228
5640
4313
-2747
7987
-1062
-10146
3501
-10848
-19779
-608
-14640
-19987
5259
-6379
-7593
16111
4483
2070
19041
5021
2936
11050
92
2547
4000
-741
7509
1734
-623
9658
-6180
-7515
3939
-19342
-15281
-687
-23925
-11591
6735
-13107
2780
17803
-1011
10971
17330
0
7976
6488
-2053
3669
295
3235
5827
-1657
9345
3000
-9859
5372
-9665
-22474
-625
-17813
-22723
5791
-9613
-7287
19609
2170
5371
20429
2843
5098
9869
-2317
1265
1125
1413
5473
-541
10608
5172
-7399
8391
-7835
-20378
594
-20794
-23190
3968
-16283
-7959
17778
-2673
8395
22336
1373
9191
11097
-3323
2323
583
-51
1655
1535
11514
842
1687
11644
-13489
-7774
-343
-29128
-11147
-5142
-27250
3743
5296
-9001
21755
12439
2032
20090
4537
-662
6379
-2356
-1350
-127
4845
5227
741
13468
281
-7205
8664
-18959
-17001
-1266
-30195
-11086
2490
-19514
10917
12846
-2540
22933
11150
1244
14105
-232
-1650
1410
-285
1666
503
11003
3204
685
13557
-11362
-7864
614
-29651
-10125
-7761
-28657
6221
9
-7356
23772
5325
7517
21012
0
5103
5624
-4113
200
58
4979
383
7249
10808
-5765
9539
-3203
-20554
1870
-23089
-22342
1344
-25302
-854
10875
-8326
21334
12996
2434
19669
1996
1103
5017
-3618
-428
410
6919
1000
7124
11954
-7963
7615
-4384
-22401
799
-24697
-20813
2212
-24027
4167
10659
-5796
23765
9806
4986
17654
-1239
2545
2613
-2865
409
2215
6929
-318
11199
5559
-7555
10055
-16500
-14499
-2764
-32768
-5109
-7718
-19271
16572
-2399
7373
23576
134
16364
9036
-2216
5921
-2212
-1246
-25
6362
2080
5020
12903
-6406
7656
-3426
-20859
1727
-27290
-16454
-1173
-25937
9154
2005
-1919
25308
1962
13634
14203
-2315
7731
-1259
-2359
37
3306
1508
3825
13118
-3862
8876
-528
-16933
3309
-26400
-15194
-5379
-28952
7643
-5509
-1540
23026
-1175
19289
12210
417
11740
-2474
113
184
723
297
6600
8082
-1439
14244
-6436
-4672
1001
-28098
-2484
-21180
-21143
4886
-20570
11103
8341
616
25897
2132
12363
9591
-2599
4928
-2678
-594
137
6892
499
9178
8121
-5869
11295
-16409
-8156
-6800
-31186
315
-22518
-8770
9002
-11570
22004
5356
9631
19810
-1296
11298
254
-1589
1052
464
450
4758
8875
-891
14318
-5761
-1865
0
-26901
-185
-26253
-15130
-870
-21594
15644
-2469
9635
20459
430
20311
2205
3240
4380
-3100
742
1061
3588
1780
12262
-2479
9749
-477
-12152
3722
-28738
-5172
-18128
-21275
5255
-20067
15025
4255
6210
23654
-19
17731
2479
1005
3189
-3433
484
2323
3851
2386
12862
-3920
10408
-4408
-12157
624
-30263
-2402
-22426
-13873
4222
-16760
20200
-879
14285
16911
1621
17562
-2246
4664
-166
-1420
-99
4424
1378
8387
8371
-3199
12171
-16074
-229
-14945
-23024
-2602
-30925
4736
-12858
1441
15009
-2058
26163
2234
14269
7142
-599
5046
-3288
403
1218
3891
2293
12441
-3431
11969
-5774
-7514
-2117
-28847
-83
-29111
-5426
-6886
-10706
17608
-6233
23834
5718
11901
12766
-1285
7927
-4221
520
155
2564
1087
11976
-1551
12463
-2560
-3868
0
-25540
474
-31269
-5079
-13291
-11200
12385
-8973
24357
1541
17105
10881
2908
9801
-4722
2766
-1528
-51
2427
7706
-28
14483
-5576
7626
-7625
-13118
-3791
-30764
568
-28969
1106
-6142
-1237
17648
-1709
25594
1207
15467
3858
1317
2852
-3145
156
2851
1112
7767
6660
489
11368
-14335
6967
-23457
-7187
-18161
-21164
-89
-21694
15894
-9284
19595
7260
11587
15768
388
11856
-4234
3034
-1936
478
1632
7243
532
14406
-5508
10505
-11369
-6663
-10119
-25087
-2335
-31090
6605
-18706
11155
3679
8844
19122
2472
19833
-2266
9280
-2861
66
-569
1210
911
10728
-1011
13974
-5329
6185
-8583
-12938
-6724
-29182
62
-29625
7693
-14306
11799
6311
9130
19292
2402
17762
-2883
7836
-3398
92
-248
2451
2182
10642
-1039
14279
-9424
8211
-16362
-7238
-15927
-21957
-4616
-24918
10295
-15968
20583
-1746
20110
9301
9605
10078
-967
5295
-4316
246
1561
381
7603
3813
6422
6619
-6642
5589
-22991
1605
-31589
-1451
-25443
-1120
-6611
1241
13857
2453
23097
578
18768
-2347
7988
-2900
385
-282
1648
2503
8864
455
13810
-8600
10841
-19671
817
-24596
-10221
-17777
-14183
-1043
-10699
17059
-4176
25347
-81
21295
0
9469
-1225
787
-760
430
1143
7533
693
13381
-5744
12336
-15984
3262
-23548
-8042
-20489
-13526
-6749
-11247
11251
-4771
23833
-425
23601
-537
14407
-2520
3743
-2044
-362
1031
3734
3141
9615
-160
12055
-11795
7468
-25163
931
-31925
-1882
-24642
1255
-7945
6745
9029
9050
17570
4960
15285
-1223
7282
-4207
1303
30
-48
7869
1032
11716
-371
5921
-5476
-7225
-10742
-19646
-8904
-24847
901
-19381
15255
-8987
25409
-1339
24115
249
14806
-1936
4262
-2330
155
808
2273
4989
7226
3659
8272
-6659
4151
-20801
-704
-29979
-86
-30067
7685
-19796
18268
-6653
23745
2119
19745
2782
10339
-227
1840
-1203
-208
1128
4291
4029
8920
1059
8967
-10221
3526
-23297
-1227
-31539
604
-28186
9755
-17291
20862
-5096
25448
855
20402
0
10196
-2751
2112
-1974
-53
3018
3015
7378
4499
5332
500
-4175
-6733
-15500
-11199
-21679
-7513
-17834
4417
-7689
16291
603
20648
2444
17097
-1025
8930
-3628
1771
-922
-134
5959
-52
12486
-3208
13045
-12011
7125
-23010
941
-29668
283
-25839
6874
-15257
16386
-4332
21266
1502
18151
413
10057
-2453
2395
-1828
388
2666
1196
8018
692
9307
-4712
4177
-13646
-2609
-20683
-5439
-20440
-1102
-12133
7771
-2485
14206
3653
15068
3443
9641
-199
3501
-1845
-215
851
647
5715
1530
8217
-1906
5092
-9525
-471
-17432
-3766
-19185
-1193
-14906
6101
-6631
13227
163
15459
1363
11580
-910
5315
-2578
1179
-422
-186
4764
35
8292
-2623
8001
-8545
4090
-15656
450
-19074
816
-16278
5218
-9287
11169
-2227
13207
893
10426
160
5046
-1374
977
-956
47
1495
1258
3816
1600
3077
-453
-1468
-3619
-6794
-5672
-9436
-3657
-7446
1723
-3269
7265
96
9605
833
7549
-619
3885
-1674
789
-712
-77
2370
78
4478
-862
4139
-3582
1120
-6445
-2176
-7199
-3497
-4899
-2096
-266
351
3828
1653
5569
1144
4368
-363
2129
-1034
294
-34
-83
2023
-27
3183
-787
2316
-2542
0
-3904
-2250
-3905
-3042
-1703
-2001
1372
-475
3626
347
4003
43
2743
-581
991
-598
69
219
107
1137
412
1129
322
-58
-249
-1847
-640
-3077
-324
-2994
726
-2021
1849
-650
2220
164
1669
322
708
122
9
-63
-30
34
377
49
796
-224
731
-725
297
-1125
-198
-1053
-423
-552
-297
147
-86
621
26
689
-2
429
-67
135
-70
3
13
30
63
107
24
132
-91
75
-195
14
-210
-14
-131
-10
-33
3
27
9
35
2
18
-1
4
0
0
0
0
