42 0
-13 34
-52 -12
53 -77
20 47
24 16
-19 24
-23 -14
22 6
-27 22
0 -31
-4 7
23 -18
11 17
-12 -6
-12 17
16 -37
-2 22
1 -11
36 -3
-6 37
8 10
-73 10
18 -44
14 -8
14 -6
25 2
0 12
44 56
-90 -6
-12 -13
-22 -69
79 -13
4 45
-8 9
29 7
-23 5
-3 16
-8 -18
13 -12
-8 8
30 10
-35 1
11 -3
-4 6
-14 -17
19 -6
19 -13
15 49
-33 -10
7 -10
3 10
-12 -7
-20 15
61 -90
16 76
16 30
-63 51
-42 -71
33 -9
5 15
1 -28
8 3
14 4
14 8
-6 2
-7 18
11 -11
4 20
-4 -2
-13 -12
11 -12
29 39
41 34
30 -35
-74 120
9 267
56 44
-640 -158
-1290 606
1674 -2983
139 1427
460 380
58 3
-282 211
-88 117
25 -22
-74 -23
-32 0
-25 -27
11 -27
-1 9
47 -5
-39 26
2 -3
14 -10
-10 12
-11 6
6 -29
11 20
-10 8
5 -4
-17 14
-13 -41
7 18
65 -74
-4 97
23 36
-103 60
-48 -123
54 -9
33 -3
-8 -10
12 32
-4 -13
20 8
-21 20
2 1
-11 -20
19 15
-11 -4
-9 -22
30 -9
15 19
-28 11
5 4
6 3
-25 -17
25 -12
-11 21
36 32
-97 -44
41 1
23 -92
111 66
-78 94
-26 -37
22 -17
-20 31
3 -17
-16 5
-7 -28
22 8
14 -16
-3 45
2 -28
12 10
-19 39
-32 -18
2 -17
18 -9
14 20
24 25
-56 35
-15 41
-123 -26
-43 83
-293 -242
-146 61
-146 -1566
2256 545
-825 1321
-96 -132
-421 153
23 -138
-145 -40
52 -59
-46 -24
33 -16
-30 -26
38 1
-9 3
-13 -19
29 9
6 4
3 8
-28 12
3 -18
-1 -8
4 -1
-9 14
12 -8
-51 -48
70 20
18 -50
87 84
-119 77
-4 -57
-32 -28
29 2
13 -18
-2 22
-8 -2
13 -2
2 -26
13 44
-15 -29
17 12
-26 35
-21 -35
7 -2
16 -25
22 27
-8 -2
12 9
-20 7
8 -6
14 -26
-22 55
9 -11
-91 11
31 -114
79 43
15 -5
-20 56
-3 -29
-1 9
12 14
-25 6
15 -15
-43 4
37 -36
-4 29
13 -21
16 14
-10 12
4 30
-35 -11
21 -25
-7 6
7 -19
8 16
-7 -4
-19 -25
62 17
-4 -20
43 81
-99 23
17 -42
-61 -29
70 -29
1 20
2 25
-12 2
12 -20
-7 -4
24 28
-32 -17
19 3
-4 7
-10 -15
-4 9
6 -23
20 16
7 2
13 18
-35 10
8 -13
-10 9
-15 7
10 -24
-43 -7
53 -68
52 62
-20 -6
-7 57
-17 -43
-6 12
7 -19
25 13
-14 8
-31 26
3 -47
11 21
10 -1
5 -12
2 -1
18 30
-41 -5
12 -14
-1 10
-5 -32
25 6
-13 1
18 11
7 14
-5 -13
20 48
-65 0
9 -43
-21 4
52 -35
-5 13
12 30
-25 -1
18 -19
-11 14
28 -2
-28 4
2 -8
9 -9
4 21
-17 5
16 -26
-5 19
6 2
3 -4
-4 16
-15 -12
-4 11
3 -24
11 -7
-14 0
42 -18
12 53
-30 -13
12 33
-30 -35
-10 8
26 -39
31 35
-30 9
-4 18
-17 -39
18 11
-1 1
-9 -14
17 2
12 12
-22 0
4 -1
3 2
-10 -21
27 -4
-7 23
13 14
-19 -7
-3 7
-1 1
-13 -22
12 -9
-6 18
26 -19
-4 16
10 8
-20 3
-4 -24
5 11
23 -11
-16 31
-2 -17
11 -8
-1 21
-7 2
-4 -14
1 -3
13 7
-5 -7
2 11
-11 -1
2 -3
8 -23
-1 18
13 3
-4 11
-6 -2
-6 0
15 6
-29 -8
10 1
4 -14
16 3
-5 18
-4 0
-11 -16
12 8
-12 4
-5 -24
21 7
9 4
2 8
-14 10
5 -4
-10 -2
7 -10
0 11
6 -2
-18 -4
10 7
-5 -12
18 -4
-4 15
0 5
-4 -14
-1 11
7 -3
-5 5
-10 -4
11 -2
8 -9
-5 19
0 -9
8 5
-14 13
-2 -11
-5 -2
4 -11
8 5
0 -4
4 7
-5 2
5 1
5 -8
-5 19
4 -3
-10 6
-10 -16
13 0
5 -3
-7 6
4 -1
1 -3
2 -3
2 9
-1 -1
-9 0
5 -3
-4 -1
6 -12
14 10
-6 4
7 6
-13 5
0 -3
-3 -3
0 -2
0 1
3 -2
-3 -10
9 7
2 -6
15 8
-15 16
-3 -7
0 -5
3 2
1 0
2 1
-4 -1
4 0
1 -1
4 5
-3 1
0 7
-13 -5
6 -11
2 4
8 -8
3 9
1 2
-1 4
0 0
-2 3
2 2
-11 2
4 -5
-9 -1
6 -16
14 8
-3 4
-1 3
0 0
0 0
1 -1
0 3
0 -1
-2 0
2 -2
2 -2
12 1
-5 16
-8 -3
1 3
-9 -8
5 -1
1 -3
1 0
0 -2
3 1
6 -6
1 12
2 -2
-1 12
-17 -3
5 -9
2 0
2 0
1 1
1 0
-1 -1
1 2
1 0
0 2
-1 1
-5 2
-2 -16
15 2
-1 6
8 0
-8 9
1 0
-3 0
0 0
-2 1
1 1
-8 -8
8 0
-1 -5
15 -2
-1 16
-5 -1
-1 0
0 -1
1 1
1 -1
-1 2
1 0
0 -1
2 1
2 0
4 10
-17 4
0 -11
2 2
1 -11
6 7
3 -1
0 2
1 0
1 3
5 1
-9 8
1 -2
-8 3
-5 -15
11 0
1 3
2 3
-2 1
0 2
0 -2
0 1
0 1
0 1
-2 -2
-4 -3
14 -8
6 16
-9 1
4 5
-11 -1
2 -1
-2 -3
0 1
0 -3
1 0
2 -8
8 9
2 -3
6 12
-12 6
0 -7
-3 0
3 -4
1 2
4 0
-4 1
2 0
1 1
2 -1
-1 7
-3 7
-16 -15
14 -7
2 6
9 -6
-3 10
4 2
-1 -1
0 3
-2 3
0 4
-13 -4
6 -5
-6 -3
14 -10
6 13
-4 2
6 4
-8 1
-1 1
2 -8
3 4
0 3
4 1
-7 -6
5 3
13 1
-10 17
-10 -5
3 4
-6 -18
6 8
4 0
-5 -1
4 -6
0 5
8 -5
3 12
-5 3
-2 12
-14 -12
7 -4
-1 9
-5 -18
8 8
11 2
-10 5
-5 -4
7 4
-2 -11
-4 15
0 -5
-3 -14
18 5
-5 13
10 -6
-18 5
6 3
0 -10
7 11
-10 3
5 5
-15 -9
2 -7
9 -4
21 -6
-5 25
-13 -4
12 -7
-12 17
-4 1
-6 -18
16 -3
4 15
10 -1
-29 9
15 -4
-6 1
-6 2
-4 -10
13 -2
0 -18
8 23
2 4
-11 1
1 -10
-5 8
13 -6
0 3
-5 15
-7 -1
-1 -20
11 9
-3 18
-17 -31
23 12
5 -11
-4 25
-20 -3
10 -7
-5 -16
26 20
-8 -17
12 10
-13 22
-1 0
-3 -6
-19 9
13 -13
-7 -22
27 5
-10 21
3 0
3 1
-23 1
11 -11
17 -2
-9 14
-1 0
18 -10
-18 39
-4 -18
-30 -8
32 -34
26 40
-11 -7
-30 36
13 -31
-31 13
12 -52
41 19
-14 1
10 9
3 25
-4 -10
-15 14
-3 -15
3 5
6 -1
-5 -18
16 26
-17 -4
3 -19
10 10
3 9
-28 -3
28 3
-11 -13
18 20
-25 2
12 -29
-5 -12
52 37
-21 -3
9 44
-66 1
20 -47
-4 14
7 -13
18 -10
-13 0
24 -5
-5 33
-2 -10
12 16
-42 6
18 -29
1 2
5 14
10 2
10 -20
3 49
-31 -25
-14 -7
25 -12
7 20
-6 -10
-17 44
-8 -57
-20 7
52 -61
53 69
-43 7
10 24
-16 -5
-10 -8
8 13
-35 -10
12 -18
7 -1
21 -15
5 23
-4 -8
-11 16
-4 -6
18 -2
-33 17
24 -27
-8 5
11 21
-12 -1
2 -25
0 -19
69 30
-60 30
17 43
-98 -22
43 -80
-4 20
62 -17
-19 26
-7 4
7 -15
7 20
-8 -6
20 26
-35 13
3 -29
-11 -11
16 -13
12 21
-4 -28
37 37
-44 -3
14 16
-26 -5
11 -14
-1 -8
-4 30
-21 -56
14 6
78 -42
31 115
-91 -11
8 12
-22 -54
14 27
8 7
-21 -6
12 -8
-8 3
21 -26
15 26
7 3
-21 36
-26 -34
17 -11
-16 30
12 -43
2 27
13 2
-9 3
-2 -21
13 19
29 -1
-32 28
-5 58
-120 -77
86 -83
18 51
70 -19
-52 49
12 9
-10 -13
2 2
-1 8
3 19
-28 -11
2 -6
6 -3
28 -8
-14 20
-9 -2
38 0
-32 26
32 17
-46 24
51 60
-146 41
22 139
-421 -152
-96 134
-826 -1320
2256 -544
-146 1567
-146 -60
-293 244
-44 -83
-123 27
-15 -40
-57 -35
23 -23
13 -19
18 10
2 18
-33 20
-20 -38
11 -9
1 30
-4 -44
13 17
22 -7
-8 29
-16 -4
3 18
-21 -29
22 18
-26 38
-79 -93
111 -64
23 93
40 0
-97 45
36 -31
-12 -20
25 13
-25 18
5 -3
4 -2
-29 -10
14 -18
29 9
-9 24
-12 5
19 -14
-12 22
1 1
-21 -19
20 -7
-5 13
11 -31
-9 12
33 4
53 11
-49 124
-104 -59
22 -35
-4 -96
63 75
6 -17
-13 42
-19 -13
5 6
-11 -7
10 -19
6 31
-12 -5
-11 -11
14 11
1 4
-41 -25
46 7
-2 -8
10 28
-25 29
-34 1
-75 24
24 23
-89 -116
-283 -209
58 -2
459 -379
138 -1425
1674 2984
-1290 -605
-641 159
56 -43
9 -266
-75 -119
29 36
40 -32
28 -38
10 14
-14 13
-5 4
3 -18
10 13
-8 -16
-7 -1
13 -7
14 -3
7 -1
0 30
4 -14
32 10
-44 72
-64 -49
15 -29
15 -74
61 91
-20 -13
-14 8
2 -8
6 12
-34 12
14 -47
18 15
19 7
-15 18
-4 -5
10 4
-36 1
29 -8
-9 -6
12 14
-9 20
-4 -13
-24 -3
27 -5
-8 -6
4 -43
79 16
-22 71
-13 15
-91 7
43 -54
-1 -10
24 -1
13 7
14 10
17 46
-74 -8
7 -8
-7 -34
35 6
0 14
-2 -20
16 41
-12 -16
-12 8
10 -14
22 20
-5 -4
-1 35
-28 -20
22 -3
-24 16
-20 -21
23 -13
19 -44
53 81
-52 16
-14 -30
