0
0
0
0
0
0
0
0
0
0
0
0
0
0
0
-1
0
0
0
1
-4
2
0
0
1
-1
0
0
0
0
-3
0
0
-4
5
-3
0
0
3
0
-4
-2
1
5
3
-12
0
0
1
-15
-5
0
-11
17
-12
0
0
-6
5
-27
-13
3
30
39
-8
-3
1
-11
-22
-22
0
-2
12
-20
1
-1
-8
7
32
3
-8
51
-43
-7
0
-31
33
-38
21
4
-17
38
-5
5
-23
43
36
-8
3
12
8
9
23
-13
7
-41
-41
2
-5
19
43
-24
25
13
-22
9
-1
14
65
-6
-28
-11
-38
-48
69
0
58
19
-71
-15
0
56
23
-32
-10
75
-91
-31
-5
-35
-16
30
69
9
63
-92
59
-4
44
-10
-8
13
37
215
-103
-10
14
83
8
-13
0
30
92
138
-8
83
103
-173
71
25
-53
76
-58
0
-1
-12
-32
-8
16
-52
137
17
17
0
185
-31
16
-163
-128
-52
-14
-27
57
77
-3
-19
-60
-68
-5
-2
41
107
-6
-13
-112
122
12
0
-45
-20
18
-9
46
183
-21
0
-23
208
-2
0
-165
79
49
-19
57
112
32
73
50
-126
37
38
-49
312
-48
42
50
-77
-42
-22
33
-124
-154
26
-2
-44
-201
26
-11
145
-86
29
-25
174
-43
-122
-79
-100
-181
-21
68
13
-49
13
2
-171
62
-16
-79
-55
128
-62
75
39
16
-5
137
22
-70
20
-56
-197
-182
-45
68
-53
-291
-40
141
201
105
19
45
40
-112
0
85
138
-14
-12
130
116
170
7
-53
98
-29
14
-118
-210
-51
-45
73
-54
-17
52
42
-173
4
-42
136
104
2
21
-191
-49
-6
-51
209
-16
175
-102
109
45
-85
-211
108
-1
310
-328
35
-13
75
110
39
94
-127
127
-25
114
266
106
0
-15
-243
110
-42
86
-302
26
-119
82
-29
4
-53
103
64
13
28
151
26
0
109
-269
42
-188
-154
46
20
137
212
-22
13
-330
-68
22
80
96
77
0
-118
-16
-54
29
41
12
5
-311
-54
-24
-21
-1
86
9
80
1
163
-43
-43
61
44
-215
103
302
26
80
135
48
-107
1
-10
1
-110
-78
32
62
-9
20
3
254
107
-26
68
53
347
3
-110
15
111
-174
-142
-122
-9
-181
-406
-162
123
-142
-436
-30
240
-37
-181
238
417
256
2
185
647
331
-125
131
574
-115
-602
-269
185
-531
-929
-371
23
-536
-735
-128
354
-367
-430
507
978
103
0
845
1191
314
-112
1032
954
-276
-504
272
198
-1147
-1256
-26
-352
-1501
-1419
89
-16
-1027
-558
1136
479
-564
559
2117
1166
0
1249
2265
578
-476
1032
1297
-766
-1450
218
-12
-2319
-2297
-309
-609
-2504
-1625
586
17
-1591
229
1988
882
-326
2078
3275
784
331
2711
2422
-521
-437
1395
259
-2466
-1446
438
-1944
-3730
-1300
31
-2535
-3035
417
819
-1533
-452
3050
1741
-284
1970
4403
1758
99
2992
3166
-583
-1069
1906
224
-3540
-2052
375
-2801
-4912
-1385
-155
-3761
-3183
1212
560
-2087
658
4178
1364
-153
3848
4901
614
719
4376
2336
-1856
360
2454
-2200
-4484
-282
-775
-5305
-3908
94
-2772
-5131
-436
1749
-2340
-1267
4183
2789
-638
3251
5877
1692
436
4964
3903
-1517
182
3391
-1622
-4770
-273
-561
-6604
-5015
9
-3345
-6470
-560
1170
-3674
-1356
4591
2023
-1035
4771
6433
883
1912
6647
3173
-1432
2746
3583
-3321
-2709
1437
-2713
-7407
-2039
-930
-6817
-5037
900
-2440
-5055
1555
3435
-1994
1210
7179
2836
281
6874
6249
-306
2417
6047
-376
-3421
2334
-169
-6456
-2708
0
-6433
-6411
-45
-2884
-6994
-210
2009
-3581
-271
6182
2125
-148
6776
6344
40
4346
7146
116
-454
4946
17
-5123
-52
-115
-7342
-4446
-50
-5828
-6965
384
-1435
-5925
976
3637
-2152
1251
7359
2384
776
7329
5389
-478
4480
5731
-2214
-534
3743
-3184
-5693
484
-3176
-8476
-2152
-1053
-7331
-3532
1936
-3342
-2820
4723
1589
-1359
5890
6125
30
4625
7693
375
1002
6279
-280
-3285
2752
-1164
-6621
-1244
-1300
-8161
-3950
-68
-6301
-4528
2552
-1988
-3042
4949
2897
-1105
5899
6379
116
4682
7571
-6
1701
6031
-1281
-3112
2674
-2443
-7111
-526
-2612
-8498
-2393
-849
-7305
-2106
2519
-3553
-721
5796
636
594
7863
3517
641
7429
4484
-1213
4493
3431
-3933
191
1422
-6659
-3339
0
-7221
-5691
254
-5814
-5302
2177
-1900
-3324
4871
2459
-1081
6589
5292
14
6298
6097
-815
3880
4687
-3175
212
2358
-5668
-3377
381
-7186
-5666
6
-6334
-5637
1759
-3408
-3402
4834
429
-902
7100
3751
356
7462
4595
-286
5842
3245
-2505
3130
1005
-5731
-70
-1174
-8266
-2369
-1905
-8885
-2397
-8
-6320
-247
3761
-2791
2425
6319
-98
3677
7220
601
3273
6253
-652
1927
4527
-3123
-215
2078
-6183
-3263
-136
-8160
-4981
-235
-8108
-3755
2821
-4008
-391
6477
-75
2270
8175
1205
2724
6745
292
2173
5018
-1471
1303
3196
-4096
-50
501
-8373
-2810
-1562
-10402
-3499
-87
-8254
-279
4109
-2702
3555
7148
-155
4567
6514
-109
3914
3544
-668
3721
1516
-1355
3905
-1465
-4347
1856
-5820
-8191
-41
-7603
-8903
1970
-4317
-4204
6854
972
510
8815
2391
1613
6409
712
1436
3761
-614
2820
2156
-1373
3993
-531
-5073
1750
-5424
-9889
-304
-7320
-9993
2629
-3189
-3796
8055
2241
1035
9520
2510
1468
5525
46
1273
2000
-370
3754
867
-311
4829
-3090
-3757
1969
-9671
-7640
-343
-11962
-5795
3367
-6553
1390
8901
-505
5485
8665
0
3988
3244
-1026
1834
147
1617
2913
-828
4672
1500
-4929
2686
-4832
-11237
-312
-8906
-11361
2895
-4806
-3643
9804
1085
2685
10214
1421
2549
4934
-1158
632
562
706
2736
-270
5304
2586
-3699
4195
-3917
-10189
297
-10397
-11595
1984
-8141
-3979
8889
-1336
4197
11168
686
4595
5548
-1661
1161
291
-25
827
767
5757
421
843
5822
-6744
-3887
-171
-14564
-5573
-2571
-13625
1871
2648
-4500
10877
6219
1016
10045
2268
-331
3189
-1178
-675
-63
2422
2613
370
6734
140
-3602
4332
-9479
-8500
-633
-15097
-5543
1245
-9757
5458
6423
-1270
11466
5575
622
7052
-116
-825
705
-142
833
251
5501
1602
342
6778
-5681
-3932
307
-14825
-5062
-3880
-14328
3110
4
-3678
11886
2662
3758
10506
0
2551
2812
-2056
100
29
2489
191
3624
5404
-2882
4769
-1601
-10277
935
-11544
-11171
672
-12651
-427
5437
-4163
10667
6498
1217
9834
998
551
2508
-1809
-214
205
3459
500
3562
5977
-3981
3807
-2192
-11200
399
-12348
-10406
1106
-12013
2083
5329
-2898
11882
4903
2493
8827
-619
1272
1306
-1432
204
1107
3464
-159
5599
2779
-3777
5027
-8250
-7249
-1382
-16384
-2554
-3859
-9635
8286
-1199
3686
11788
67
8182
4518
-1108
2960
-1106
-623
-12
3181
1040
2510
6451
-3203
3828
-1713
-10429
863
-13645
-8227
-586
-12968
4577
1002
-959
12654
981
6817
7101
-1157
3865
-629
-1179
18
1653
754
1912
6559
-1931
4438
-264
-8466
1654
-13200
-7597
-2689
-14476
3821
-2754
-770
11513
-587
9644
6105
208
5870
-1237
56
92
361
148
3300
4041
-719
7122
-3218
-2336
500
-14049
-1242
-10590
-10571
2443
-10285
5551
4170
308
12948
1066
6181
4795
-1299
2464
-1339
-297
68
3446
249
4589
4060
-2934
5647
-8204
-4078
-3400
-15593
157
-11259
-4385
4501
-5785
11002
2678
4815
9905
-648
5649
127
-794
526
232
225
2379
4437
-445
7159
-2880
-932
0
-13450
-92
-13126
-7565
-435
-10797
7822
-1234
4817
10229
215
10155
1102
1620
2190
-1550
371
530
1794
890
6131
-1239
4874
-238
-6076
1861
-14369
-2586
-9064
-10637
2627
-10033
7512
2127
3105
11827
-9
8865
1239
502
1594
-1716
242
1161
1925
1193
6431
-1960
5204
-2204
-6078
312
-15131
-1201
-11213
-6936
2111
-8380
10100
-439
7142
8455
810
8781
-1123
2332
-83
-710
-49
2212
689
4193
4185
-1599
6085
-8037
-114
-7472
-11512
-1301
-15462
2368
-6429
720
7504
-1029
13081
1117
7134
3571
-299
2523
-1644
201
609
1945
1146
6220
-1715
5984
-2887
-3757
-1058
-14423
-41
-14555
-2713
-3443
-5353
8804
-3116
11917
2859
5950
6383
-642
3963
-2110
260
77
1282
543
5988
-775
6231
-1280
-1934
0
-12770
237
-15634
-2539
-6645
-5600
6192
-4486
12178
770
8552
5440
1454
4900
-2361
1383
-764
-25
1213
3853
-14
7241
-2788
3813
-3812
-6559
-1895
-15382
284
-14484
553
-3071
-618
8824
-854
12797
603
7733
1929
658
1426
-1572
78
1425
556
3883
3330
244
5684
-7167
3483
-11728
-3593
-9080
-10582
-44
-10847
7947
-4642
9797
3630
5793
7884
194
5928
-2117
1517
-968
239
816
3621
266
7203
-2754
5252
-5684
-3331
-5059
-12543
-1167
-15545
3302
-9353
5577
1839
4422
9561
1236
9916
-1133
4640
-1430
33
-284
605
455
5364
-505
6987
-2664
3092
-4291
-6469
-3362
-14591
31
-14812
3846
-7153
5899
3155
4565
9646
1201
8881
-1441
3918
-1699
46
-124
1225
1091
5321
-519
7139
-4712
4105
-8181
-3619
-7963
-10978
-2308
-12459
5147
-7984
10291
-873
10055
4650
4802
5039
-483
2647
-2158
123
780
190
3801
1906
3211
3309
-3321
2794
-11495
802
-15794
-725
-12721
-560
-3305
620
6928
1226
11548
289
9384
-1173
3994
-1450
192
-141
824
1251
4432
227
6905
-4300
5420
-9835
408
-12298
-5110
-8888
-7091
-521
-5349
8529
-2088
12673
-40
10647
0
4734
-612
393
-380
215
571
3766
346
6690
-2872
6168
-7992
1631
-11774
-4021
-10244
-6763
-3374
-5623
5625
-2385
11916
-212
11800
-268
7203
-1260
1871
-1022
-181
515
1867
1570
4807
-80
6027
-5897
3734
-12581
465
-15962
-941
-12321
627
-3972
3372
4514
4525
8785
2480
7642
-611
3641
-2103
651
15
-24
3934
516
5858
-185
2960
-2738
-3612
-5371
-9823
-4452
-12423
450
-9690
7627
-4493
12704
-669
12057
124
7403
-968
2131
-1165
77
404
1136
2494
3613
1829
4136
-3329
2075
-10400
-352
-14989
-43
-15033
3842
-9898
9134
-3326
11872
1059
9872
1391
5169
-113
920
-601
-104
564
2145
2014
4460
529
4483
-5110
1763
-11648
-613
-15769
302
-14093
4877
-8645
10431
-2548
12724
427
10201
0
5098
-1375
1056
-987
-26
1509
1507
3689
2249
2666
250
-2087
-3366
-7750
-5599
-10839
-3756
-8917
2208
-3844
8145
301
10324
1222
8548
-512
4465
-1814
885
-461
-67
2979
-26
6243
-1604
6522
-6005
3562
-11505
470
-14834
141
-12919
3437
-7628
8193
-2166
10633
751
9075
206
5028
-1226
1197
-914
194
1333
598
4009
346
4653
-2356
2088
-6823
-1304
-10341
-2719
-10220
-551
-6066
3885
-1242
7103
1826
7534
1721
4820
-99
1750
-922
-107
425
323
2857
765
4108
-953
2546
-4762
-235
-8716
-1883
-9592
-596
-7453
3050
-3315
6613
81
7729
681
5790
-455
2657
-1289
589
-211
-93
2382
17
4146
-1311
4000
-4272
2045
-7828
225
-9537
408
-8139
2609
-4643
5584
-1113
6603
446
5213
80
2523
-687
488
-478
23
747
629
1908
800
1538
-226
-734
-1809
-3397
-2836
-4718
-1828
-3723
861
-1634
3632
48
4802
416
3774
-309
1942
-837
394
-356
-38
1185
39
2239
-431
2069
-1791
560
-3222
-1088
-3599
-1748
-2449
-1048
-133
175
1914
826
2784
572
2184
-181
1064
-517
147
-17
-41
1011
-13
1591
-393
1158
-1271
0
-1952
-1125
-1952
-1521
-851
-1000
686
-237
1813
173
2001
21
1371
-290
495
-299
34
109
53
568
206
564
161
-29
-124
-923
-320
-1538
-162
-1497
363
-1010
924
-325
1110
82
834
161
354
61
4
-31
-15
17
188
24
398
-112
365
-362
148
-562
-99
-526
-211
-276
-148
73
-43
310
13
344
-1
214
-33
67
-35
1
6
15
31
53
12
66
-45
37
-97
7
-105
-7
-65
-5
-16
1
13
4
17
1
9
0
2
0
0
0
0
