0
13032
9800
24997
-1626
13601
-25093
294
-32768
6797
-15989
24614
3035
26705
1782
5195
-11988
-17044
-11808
-17040
9881
-2373
30184
357
26396
-16812
6632
-31620
-1794
-22137
9881
2723
20170
14933
7774
5195
-17981
-5272
-28943
4850
-15989
26561
-789
32272
-5330
13601
-21390
-6980
-22178
-6731
0
6731
22178
6980
21390
-13601
5330
-32272
789
-26561
15989
-4850
28943
5272
17981
-5195
-7774
-14933
-20170
-2723
-9881
22137
1794
31620
-6632
16812
-26396
-357
-30184
2373
-9881
17040
11808
17044
11988
-5195
-1782
-26705
-3035
-24614
15989
-6797
32767
-294
25093
-13601
1626
-24997
-9800
-13032
0
13032
9800
24997
-1626
13601
-25093
294
-32768
6797
-15989
24614
3035
26705
1782
5195
-11988
-17044
-11808
-17040
9881
-2373
30184
357
26396
-16812
6632
-31620
-1794
-22137
9881
2723
20170
14933
7774
5195
-17981
-5272
-28943
4850
-15989
26561
-789
32272
-5330
13601
-21390
-6980
-22178
-6731
0
6731
22178
6980
21390
-13601
5330
-32272
789
-26561
15989
-4850
28943
5272
17981
-5195
-7774
-14933
-20170
-2723
-9881
22137
1794
31620
-6632
16812
-26396
-357
-30184
2373
-9881
17040
11808
17044
11988
-5195
-1782
-26705
-3035
-24614
15989
-6797
32767
-294
25093
-13601
1626
-24997
-9800
-13032
0
13032
9800
24997
-1626
13601
-25093
294
-32768
6797
-15989
24614
3035
26705
1782
5195
-11988
-17044
-11808
-17040
9881
-2373
30184
357
26396
-16812
6632
-31620
-1794
-22137
9881
2723
20170
14933
7774
5195
-17981
-5272
-28943
4850
-15989
26561
-789
32272
-5330
13601
-21390
-6980
-22178
-6731
0
6731
22178
6980
21390
-13601
5330
-32272
789
-26561
15989
-4850
28943
5272
17981
-5195
-7774
-14933
-20170
-2723
-9881
22137
1794
31620
-6632
16812
-26396
-357
-30184
2373
-9881
17040
11808
17044
11988
-5195
-1782
-26705
-3035
-24614
15989
-6797
32767
-294
25093
-13601
1626
-24997
-9800
-13032
0
13032
9800
24997
-1626
13601
-25093
294
-32768
6797
-15989
24614
3035
26705
1782
5195
-11988
-17044
-11808
-17040
9881
-2373
30184
357
26396
-16812
6632
-31620
-1794
-22137
9881
2723
20170
14933
7774
5195
-17981
-5272
-28943
4850
-15989
26561
-789
32272
-5330
13601
-21390
-6980
-22178
-6731
0
6731
22178
6980
21390
-13601
5330
-32272
789
-26561
15989
-4850
28943
5272
17981
-5195
-7774
-14933
-20170
-2723
-9881
22137
1794
31620
-6632
16812
-26396
-357
-30184
2373
-9881
17040
11808
17044
11988
-5195
-1782
-26705
-3035
-24614
15989
-6797
32767
-294
25093
-13601
1626
-24997
-9800
-13032
0
13032
9800
24997
-1626
13601
-25093
294
-32768
6797
-15989
24614
3035
26705
1782
5195
-11988
-17044
-11808
-17040
9881
-2373
30184
357
26396
-16812
6632
-31620
-1794
-22137
9881
2723
20170
14933
7774
5195
-17981
-5272
-28943
4850
-15989
26561
-789
32272
-5330
13601
-21390
-6980
-22178
-6731
0
6731
22178
6980
21390
-13601
5330
-32272
789
-26561
15989
-4850
28943
5272
17981
-5195
-7774
-14933
-20170
-2723
-9881
22137
1794
31620
-6632
16812
-26396
-357
-30184
2373
-9881
17040
11808
17044
11988
-5195
-1782
-26705
-3035
-24614
15989
-6797
32767
-294
25093
-13601
1626
-24997
-9800
-13032
0
13032
9800
24997
-1626
13601
-25093
294
-32768
6797
-15989
24614
3035
26705
1782
5195
-11988
-17044
-11808
-17040
9881
-2373
30184
357
26396
-16812
6632
-31620
-1794
-22137
9881
2723
20170
14933
7774
5195
-17981
-5272
-28943
4850
-15989
26561
-789
32272
-5330
13601
-21390
-6980
-22178
-6731
0
6731
22178
6980
21390
-13601
5330
-32272
789
-26561
15989
-4850
28943
5272
17981
-5195
-7774
-14933
-20170
-2723
-9881
22137
1794
31620
-6632
16812
-26396
-357
-30184
2373
-9881
17040
11808
17044
11988
-5195
-1782
-26705
-3035
-24614
15989
-6797
32767
-294
25093
-13601
1626
-24997
-9800
-13032
0
13032
9800
24997
-1626
13601
-25093
294
-32768
6797
-15989
24614
3035
26705
1782
5195
-11988
-17044
-11808
-17040
9881
-2373
30184
357
26396
-16812
6632
-31620
-1794
-22137
9881
2723
20170
14933
7774
5195
-17981
-5272
-28943
4850
-15989
26561
-789
32272
-5330
13601
-21390
-6980
-22178
-6731
0
6731
22178
6980
21390
-13601
5330
-32272
789
-26561
15989
-4850
28943
5272
17981
-5195
-7774
-14933
-20170
-2723
-9881
22137
1794
31620
-6632
16812
-26396
-357
-30184
2373
-9881
17040
11808
17044
11988
-5195
-1782
-26705
-3035
-24614
15989
-6797
32767
-294
25093
-13601
1626
-24997
-9800
-13032
0
13032
9800
24997
-1626
13601
-25093
294
-32768
6797
-15989
24614
3035
26705
1782
5195
-11988
-17044
-11808
-17040
9881
-2373
30184
357
26396
-16812
6632
-31620
-1794
-22137
9881
2723
20170
14933
7774
5195
-17981
-5272
-28943
4850
-15989
26561
-789
32272
-5330
13601
-21390
-6980
-22178
-6731
0
6731
22178
6980
21390
-13601
5330
-32272
789
-26561
15989
-4850
28943
5272
17981
-5195
-7774
-14933
-20170
-2723
-9881
22137
1794
31620
-6632
16812
-26396
-357
-30184
2373
-9881
17040
11808
17044
11988
-5195
-1782
-26705
-3035
-24614
15989
-6797
32767
-294
25093
-13601
1626
-24997
-9800
-13032
0
13032
9800
24997
-1626
13601
-25093
294
-32768
6797
-15989
24614
3035
26705
1782
5195
-11988
-17044
-11808
-17040
9881
-2373
30184
357
26396
-16812
6632
-31620
-1794
-22137
9881
2723
20170
14933
7774
5195
-17981
-5272
-28943
4850
-15989
26561
-789
32272
-5330
13601
-21390
-6980
-22178
-6731
0
6731
22178
6980
21390
-13601
5330
-32272
789
-26561
15989
-4850
28943
5272
17981
-5195
-7774
-14933
-20170
-2723
-9881
22137
1794
31620
-6632
16812
-26396
-357
-30184
2373
-9881
17040
11808
17044
11988
-5195
-1782
-26705
-3035
-24614
15989
-6797
32767
-294
25093
-13601
1626
-24997
-9800
-13032
0
13032
9800
24997
-1626
13601
-25093
294
-32768
6797
-15989
24614
3035
26705
1782
5195
-11988
-17044
-11808
-17040
9881
-2373
30184
357
26396
-16812
6632
-31620
-1794
-22137
9881
2723
20170
14933
7774
5195
-17981
-5272
-28943
4850
-15989
26561
-789
32272
-5330
13601
-21390
-6980
-22178
-6731
0
6731
22178
6980
21390
-13601
5330
-32272
789
-26561
15989
-4850
28943
5272
17981
-5195
-7774
-14933
-20170
-2723
-9881
22137
1794
31620
-6632
16812
-26396
-357
-30184
2373
-9881
17040
11808
17044
11988
-5195
-1782
-26705
-3035
-24614
15989
-6797
32767
-294
25093
-13601
1626
-24997
-9800
-13032
0
13032
9800
24997
-1626
13601
-25093
294
-32768
6797
-15989
24614
3035
26705
1782
5195
-11988
-17044
-11808
-17040
9881
-2373
30184
357
