0
0
0
0
0
0
0
0
0
0
0
0
0
0
0
0
0
0
0
0
-1
0
0
0
-1
0
0
-1
-1
-3
-2
0
1
-2
-7
4
12
1
-9
-7
0
-1
-3
4
8
1
-6
-4
-1
2
3
1
9
7
2
7
1
-15
-8
9
8
-1
-1
13
7
-19
-5
20
-1
-10
9
7
-5
-17
-13
16
15
1
5
1
19
25
5
10
5
17
48
24
-7
0
3
-5
-10
-6
11
18
33
15
-50
-47
11
24
-14
-30
14
23
-8
5
5
-16
19
30
18
27
-3
-14
21
40
22
-15
11
54
18
-14
-18
-31
-26
-32
-17
11
13
18
-30
-70
-18
13
-13
-24
-16
-6
15
25
21
19
19
22
20
16
21
23
19
21
21
18
22
18
183
29264
-16349
-12652
-8429
27726
6157
27329
-32315
416
-1265
9728
-24130
16932
13214
16749
17270
-21625
20568
-1929
-22243
20355
-31966
-12576
-10202
9104
31515
-20442
27213
21831
7196
-5691
-8224
16186
31194
8614
14848
-13877
12938
21344
-4225
-15872
-8026
27198
3614
29698
3111
-31693
566
27404
9611
17027
-30486
-354
11385
-28754
16555
15332
4535
30803
26680
25217
-23286
3080
-19857
788
-31866
-25511
12636
30738
13518
-27750
-24340
2004
16190
-10590
12383
-16351
-27364
25798
25430
987
26723
27944
-16108
1031
14633
423
12742
4838
-2735
4103
-26298
16964
13933
13827
30348
27790
-21801
20399
-3059
-8129
6269
-17496
-24156
9415
16455
-9933
-20103
30354
10334
29858
15640
-28870
9370
17196
-13998
-15998
-3795
30286
-10109
12382
29173
-13485
-20168
-30671
-23436
26306
-13561
30045
14272
6143
30943
2156
-24155
5362
-31420
-31246
22851
20533
-1517
-29459
29596
3110
13977
-8738
-13758
-29150
23806
-15038
-17406
-16125
-19976
-23672
-5421
14450
