14 20
-172 325
24 -180
-55 171
105 -150
-319 -512
357 -22
283 71
152 -544
149 -8
-301 616
19 108
256 963
228 -96
-171 -173
-90 102
170 230
-24 65
-146 -122
-36 -242
912 -31
142 -345
965 96
404 -126
-733 175
-199 287
6 63
176 -76
-374 529
15 -396
-84 14
-17 75
-212 303
-313 18
39 -92
-59 6
-303 387
-50 -778
-233 200
38 247
133 667
-291 -388
-152 -572
-260 -156
-198 -738
215 140
-203 10
-50 -11
-129 -70
-167 84
-55 -26
150 -130
-180 56
948 174
-376 -83
-282 -42
97 -93
92 182
-44 -272
-118 3
-37 -203
-196 -658
42 168
-26 64
-17 -16
-90 -259
-30 50
-59 -38
-32 169
-112 41
177 39
69 99
74 50
33 561
-389 -152
77 90
-14 -67
13 -521
-103 -131
-115 10
-55 -53
-373 -489
-12 0
-62 -119
86 113
-267 197
380 131
171 -202
-66 26
-77 201
51 -106
52 175
-77 116
238 -348
-109 123
21 11
-16 118
-87 -186
-1 102
198 91
-6 415
426 386
-242 -183
-60 130
96 174
171 -307
-267 -364
60 -61
-188 -261
-139 498
-39 -396
-20 -120
-123 -172
-318 -113
-25 -234
125 22
-210 -70
342 -174
6 156
-100 -90
146 -176
-70 -441
146 -65
-120 -200
54 13
9 -94
36 136
-75 10
23 -38
-65 -256
69 30
15 -170
4 -23
280 -115
103 324
-73 117
47 -1
-453 376
-3 -129
-244 13
159 365
678 470
-12 -184
-44 -165
99 38
74 -54
-19 -8
85 -59
314 128
215 387
-20 265
-33 -13
-115 -4
280 362
-24 42
235 223
-229 314
-167 640
-26 -179
-114 -67
-85 71
-111 328
105 -112
22 129
-75 115
484 -22
-284 -81
-126 -9
-116 218
-416 254
70 -287
-140 -66
124 -294
297 41
58 -205
-40 -182
-7 -115
25 42
4 -99
-104 183
-181 -43
-138 677
68 -213
70 -144
152 -181
108 -315
150 -20
36 -222
79 -111
256 -166
-64 34
-92 -123
24 -67
128 -100
-11 -14
-141 -145
-32 -199
267 -142
-54 212
-113 -20
101 -160
256 179
-8 -45
183 129
-118 567
-301 357
176 -167
82 -203
108 119
-205 240
-3 -132
-215 97
649 -7
-104 -472
394 319
144 90
-419 -10
343 394
160 109
90 182
-470 280
-37 -675
-49 -51
53 -116
-248 186
130 -340
-45 65
79 108
-712 594
-588 135
42 -297
14 -40
-143 889
-442 -606
264 -962
-149 -273
-123 -1118
-544 260
431 79
244 -112
-51 -225
-202 86
365 -44
156 172
-441 -227
79 427
-517 142
-124 3
354 -1
-296 -42
173 69
-128 -170
245 -211
713 -312
-182 156
70 -117
33 5
99 -220
-26 178
39 -123
-45 173
295 548
-363 23
-281 -63
-80 527
-204 34
259 -579
-28 -100
-244 -880
-252 126
156 155
103 -79
-163 -200
-43 -47
115 115
3 239
-822 76
-162 351
-940 -87
-384 138
732 -124
172 -278
-47 -35
-162 74
379 -457
-23 403
62 -8
77 -69
209 -282
195 13
-69 98
22 4
344 -335
2 800
207 -178
-65 -228
-97 -649
256 388
79 578
252 151
131 790
-213 -137
202 -4
76 29
131 103
140 -112
29 8
-181 86
205 7
-930 -142
397 109
278 43
-95 92
-103 -171
21 265
113 18
2 221
200 681
-46 -160
61 -25
22 20
-20 218
22 -62
-4 0
43 -102
78 -38
-198 -27
-101 -116
-47 -21
-41 -607
350 130
-99 -113
-40 48
-17 548
95 128
84 1
29 72
367 430
10 6
51 71
-83 -44
249 -182
-402 -100
-196 185
75 -54
78 -226
-73 100
-63 -194
38 -130
-222 374
95 -110
-32 33
16 -111
51 92
-3 -113
-218 -147
-57 -393
-441 -387
216 191
14 -171
-114 -135
-155 265
229 311
-68 9
197 176
134 -477
28 412
-14 113
111 142
361 88
36 240
-117 -49
160 103
-328 180
-44 -136
94 95
-120 162
74 459
-170 62
85 168
-43 -59
-32 136
-64 -148
14 25
-26 35
130 182
-91 -31
-8 111
-25 -5
-253 114
-108 -324
41 -141
-80 8
508 -360
19 92
242 -46
-124 -440
-679 -455
8 202
11 107
-62 -56
-2 69
42 21
-55 27
-371 -150
-218 -368
-29 -260
1 -29
152 -41
-255 -333
31 -70
-245 -257
268 -374
164 -608
11 176
51 35
115 -106
225 -323
-100 112
22 -165
73 -171
-439 28
260 79
134 -35
128 -247
448 -221
-9 280
139 39
-32 234
-308 -21
-86 195
23 117
58 78
12 25
-17 111
125 -170
200 -16
119 -661
-104 176
-86 98
-96 190
-114 330
-139 13
-37 196
-16 75
-267 175
52 -32
41 43
22 41
-11 190
-2 44
197 131
75 139
-249 183
45 -223
166 -9
-75 142
-255 -98
28 70
-165 -148
210 -550
319 -352
-191 185
-48 160
-38 -137
189 -138
-34 131
216 -82
-595 -74
132 501
-401 -361
-111 -110
462 38
-346 -340
-161 -92
-89 -197
558 -277
30 678
43 39
-56 27
306 -177
-108 474
22 -72
-69 -96
823 -606
597 -85
-25 276
35 42
199 -910
411 689
-266 1020
157 293
177 1216
548 -229
-451 -97
-225 95
94 257
141 -32
-389 47
-165 -179
527 189
-98 -409
522 -150
136 -35
-349 12
295 80
-184 -53
160 147
-201 279
-698 318
184 -152
6 60
-5289 -4103
-706 437
76 171
92 22
558 -741
279 382
403 -530
234 -371
-35 887
-763 130
-380 57
-57 98
635 626
-219 155
-264 57
6 505
104 -225
467 464
494 -603
755 -533
-83 323
-145 67
306 -37
202 -535
74 971
581 -14
-725 429
211 335
-287 672
-3 -114
-165 -49
93 -36
269 -396
-404 347
-74 500
-261 -405
331 169
-458 -304
-122 434
-76 65
576 675
-106 -116
311 287
-122 -71
94 299
-152 434
143 182
145 -26
233 179
14 -44
-165 71
92 139
229 54
-224 216
108 -518
-203 273
572 -27
-625 94
-89 -101
242 22
453 -26
333 -43
-143 257
-248 237
-29 445
566 41
-171 341
89 769
158 -290
-509 531
-960 320
-247 123
-554 -77
1103 -112
555 131
0 -378
-263 107
648 -124
1085 198
-477 62
-157 -19
48 139
259 -221
307 -356
-160 219
283 -218
21 191
-45 -38
-385 -161
321 520
152 56
-92 253
-240 -314
1224 -36
1895 9
-365 -497
411 -313
-87 269
-100 -28
-239 -67
-363 -257
1154 233
2799 109
-1228 -416
104 259
-1370 13
-472 240
-328 -277
1218 -269
-1329 171
-1837 -126
67 171
245 92
-39 62
-188 140
-298 283
-646 -131
-282 19
-394 210
-180 -102
-1218 -1060
651 190
944 365
326 -76
1520 305
-102 41
991 331
255 -174
-137 117
307 56
1041 107
437 -15
1794 292
766 182
1812 462
-244 -662
975 1222
-900 -420
-739 -382
22 -147
761 -104
-702 80
-1309 -334
46 101
-69 38
-64 211
-363 -581
-59 -648
182 81
-149 -363
339 411
-166 34
-365 153
-484 270
-176 -150
156 25
-252 -175
-355 -9
-290 -292
482 -39
111 203
30 -230
-149 84
-125 183
170 288
-168 -187
427 -154
223 588
-76 -283
-11 -113
-71 59
-23 -360
-13 -54
36 641
-523 550
-395 512
18 -625
-430 122
-31 281
-384 176
197 -470
-319 -78
416 312
-192 77
-1201 -580
507 -36
883 325
154 -261
329 482
287 -111
262 282
-219 -5
193 305
-137 -58
-144 829
28 155
410 979
349 371
998 761
-670 -434
1397 1695
-776 -835
-789 -462
-149 -700
232 355
-805 -647
-725 -565
457 185
460 -432
-59 279
119 695
474 353
78 275
-87 -410
-250 -420
-204 -160
419 186
-496 -15
-19 -218
-469 -321
194 -326
-681 -414
-1438 -544
481 39
226 -135
374 472
103 133
392 44
692 1278
-291 -768
-827 -1003
379 296
-359 412
406 269
-599 -367
677 315
-588 238
-69 575
409 342
141 189
-220 334
397 159
386 -9
-219 131
16 1042
-569 -183
-309 -108
-550 116
1486 1100
-215 -53
-836 -545
222 -156
-186 -1134
390 492
156 -363
285 107
1904 -1634
212 423
-52 -425
-275 116
1505 84
15 44
770 146
686 274
-2088 -1136
-126 939
92 262
462 -131
-713 75
-195 -68
-170 -11
294 121
208 504
-107 -571
-83 -242
93 -240
324 404
-37 226
789 99
501 236
-1022 -490
118 -486
-682 -181
-53 -607
-243 381
-533 -255
-298 12
33 39
-475 94
358 432
-374 -446
-765 128
185 -121
-494 187
578 212
319 28
81 -394
-309 -251
176 -403
-238 44
161 258
211 -9
-108 104
-84 384
289 -226
257 61
-519 -323
-115 -484
282 599
229 -189
-359 -118
-145 -147
-598 -596
-450 187
265 1038
227 521
-1036 -1324
52 -289
-9 44
229 171
306 592
170 -817
483 224
649 -75
-835 -417
194 90
-426 -73
-35 426
570 958
-140 -328
102 -31
-375 -226
75 555
5 40
148 -11
-115 243
174 541
-62 -229
-515 -217
-94 -351
426 58
-549 -26
38 188
84 -343
-178 222
497 53
-282 134
107 258
-214 37
-229 -461
-391 -54
-42 14
26 80
30 -76
-294 -276
52 -138
136 -109
21 260
-754 -58
-236 134
129 584
218 10
101 273
4 188
-209 -327
180 220
97 349
295 266
437 -328
188 307
-474 -763
258 -199
171 759
-62 58
176 564
-79 -177
-865 -7
-287 -750
525 457
103 537
-285 -1631
2 240
-227 -975
47 -400
349 412
-146 -550
32 -318
10 -182
-327 -2183
-364 -92
-449 -770
-548 -637
1060 1853
-2 -216
-326 106
129 -323
183 300
413 -503
353 238
-46 246
310 -268
150 155
-646 -331
-660 -303
-178 30
-450 -344
83 -747
196 -614
302 1632
198 -232
101 1826
147 414
65 417
443 -166
27 -145
11 -122
342 -273
-429 -580
-150 1143
557 715
220 -174
-211 335
-314 -151
590 -122
-129 313
350 -160
-100 110
-400 355
266 63
719 -512
482 363
681 648
-567 -81
104 565
138 475
247 579
-304 -184
193 391
-49 -397
-141 424
310 637
-286 -155
-258 -662
-228 -6
-224 209
-94 82
31 -82
330 -63
178 104
-118 141
118 216
-47 -143
435 214
-486 489
-929 768
238 238
-34 -221
238 42
270 81
-57 -157
62 286
251 -557
591 -1016
-23 -236
-47 -790
-348 270
266 57
563 -301
-396 41
-181 51
-352 114
269 278
-370 247
313 -185
-165 -483
87 453
-665 223
379 -392
924 -88
-233 129
-20 -477
146 -243
-153 -108
296 -118
-105 104
504 -695
1297 -1128
-395 536
-328 787
-397 -112
-381 416
279 -356
884 420
-474 352
-576 6
467 205
-101 -171
-12 -174
-163 -418
328 472
-791 605
149 364
-44 110
-115 649
-875 199
106 -441
497 364
-67 280
-57 -742
138 -184
-152 -76
357 26
