27
64
57
12
-36
-55
-28
26
70
74
36
-15
-43
-27
23
73
89
59
7
-29
-24
19
73
99
80
30
-13
-20
15
70
106
98
52
3
-15
11
65
109
111
73
20
-8
8
58
107
121
90
37
0
4
48
101
126
105
54
9
2
38
92
126
116
69
18
0
26
79
121
122
82
28
0
14
64
111
124
91
37
0
3
46
98
121
98
46
0
-7
28
80
113
101
53
1
-17
8
60
101
100
58
4
-25
-9
38
85
95
62
6
-31
-27
15
65
86
63
9
-36
-44
-8
43
74
61
12
-39
-58
-32
19
58
57
14
-40
-69
-53
-5
40
50
16
-39
-77
-73
-29
20
41
16
-36
-82
-89
-53
-1
29
16
-32
-84
-101
-74
-22
16
14
-28
-82
-110
-93
-44
1
11
-22
-77
-114
-108
-64
-13
7
-17
-69
-114
-119
-82
-29
1
-11
-60
-110
-126
-97
-44
-4
-6
-48
-101
-128
-109
-58
-11
-1
-35
-89
-124
-117
-71
-19
1
-21
-73
-116
-120
-81
-27
4
-8
-55
-104
-118
-88
-34
6
5
-36
-87
-112
-92
-40
6
17
-15
-68
-102
-93
-45
6
28
4
-46
-87
-89
-49
5
37
24
-22
-69
-83
-51
3
44
43
1
-49
-72
-51
1
49
59
26
-26
-59
-49
-1
51
72
49
-1
-43
-44
-3
51
83
69
22
-24
-37
-5
49
89
87
46
-4
-28
-6
45
93
102
68
15
-17
-6
40
92
112
87
36
-5
-6
34
88
118
104
55
8
-4
27
81
120
116
73
21
-1
19
71
117
124
89
35
1
11
58
109
127
101
48
6
4
44
97
126
110
60
11
-1
29
82
119
114
69
17
-7
13
64
108
114
77
22
-11
-1
44
93
110
82
28
-14
-16
22
74
101
84
32
-16
-29
1
53
89
82
36
-16
-41
-20
29
73
77
39
-16
-50
-40
5
53
69
40
-14
-57
-58
-19
32
58
39
-12
-61
-74
-43
8
44
36
-9
-63
-86
-65
-15
27
31
-6
-62
-95
-85
-38
9
25
-4
-58
-100
-101
-60
-8
17
-1
-53
-101
-113
-80
-28
7
0
-46
-98
-121
-98
-46
-3
0
-37
-91
-124
-111
-64
-14
0
-28
-82
-122
-121
-79
-26
0
-18
-69
-116
-126
-92
-38
-2
-9
-54
-105
-126
-101
-48
-4
0
-37
-90
-121
-107
-58
-8
8
-20
-73
-111
-109
-65
-11
15
-3
-52
-98
-106
-70
-15
20
13
-30
-80
-99
-73
-19
24
29
-7
-59
-89
-73
-23
27
43
15
-36
-74
-70
-26
28
55
36
-12
-57
-64
-27
27
64
57
12
-36
-55
-28
26
70
74
36
-15
