0
27
-47
64
-60
57
-28
12
27
-36
67
-55
66
-28
24
26
-26
70
-49
74
-27
36
24
-15
72
-43
82
-27
48
23
-3
73
-36
89
-26
59
21
7
73
-29
94
-24
70
19
19
73
-21
99
-22
80
17
30
72
-13
103
-20
89
15
41
70
-5
106
-18
98
13
52
68
3
108
-15
105
11
63
65
11
109
-11
111
9
73
62
20
108
-8
117
8
82
58
29
107
-4
121
6
90
53
37
104
0
124
4
98
48
46
101
4
126
3
105
43
54
97
9
126
2
111
38
62
92
13
126
1
116
32
69
86
18
124
0
119
26
76
79
23
121
0
122
20
82
72
28
117
0
123
14
87
64
33
111
0
124
9
91
55
37
105
0
123
3
95
46
42
98
0
121
-2
98
37
46
90
0
117
-7
100
28
49
80
0
113
-12
101
18
53
71
1
107
-17
101
8
56
60
3
101
-21
100
0
58
49
4
93
-25
98
-9
60
38
5
85
-28
95
-19
62
26
6
75
-31
91
-27
62
15
8
65
-34
86
-36
63
3
9
54
-36
81
-44
62
-8
11
43
-38
74
-51
61
-20
12
31
-39
67
-58
59
-32
13
19
-39
58
-64
57
-43
14
7
-40
50
-69
54
-53
15
-5
-39
40
-73
50
-63
16
-17
-39
30
-77
46
-73
16
-29
-38
20
-80
41
-81
16
-41
-36
9
-82
35
-89
16
-53
-34
-1
-83
29
-96
16
-64
-32
-12
-84
23
-101
15
-74
-30
-22
-83
16
-106
14
-84
-28
-33
-82
9
-110
13
-93
-25
-44
-80
1
-113
11
-101
-22
-54
-77
-5
-114
9
-108
-19
-64
-74
-13
-115
7
-114
-17
-73
-69
-21
-114
4
-119
-14
-82
-65
-29
-112
1
-123
-11
-90
-60
-37
-110
-1
-126
-8
-97
-54
-44
-106
-4
-127
-6
-104
-48
-51
-101
-8
-128
-3
-109
-42
-58
-95
-11
-126
-1
-113
-35
-65
-89
-15
-124
0
-117
-28
-71
-81
-19
-121
1
-119
-21
-76
-73
-23
-116
3
-120
-14
-81
-64
-27
-111
4
-120
-8
-85
-55
-30
-104
5
-118
-1
-88
-46
-34
-96
6
-116
5
-91
-36
-37
-87
6
-112
11
-92
-25
-40
-78
6
-108
17
-93
-15
-43
-68
6
-102
23
-93
-5
-45
-57
6
-95
28
-91
4
-48
-46
6
-87
33
-89
15
-49
-34
5
-79
37
-86
24
-50
-22
4
-69
41
-83
34
-51
-10
3
-59
44
-78
43
-51
1
2
-49
46
-72
51
-51
14
1
-37
49
-66
59
-50
26
0
-26
50
-59
66
-49
37
-1
-14
51
-51
72
-46
49
-2
-1
51
-43
78
-44
59
-3
10
51
-34
83
-41
69
-4
22
50
-24
86
-37
79
-5
34
49
-15
89
-33
87
-6
46
48
-4
91
-28
95
-6
57
45
5
93
-23
102
-6
68
43
15
93
-17
108
-6
78
40
25
92
-11
112
-6
87
37
36
91
-5
116
-6
96
34
46
88
1
118
-5
104
30
55
85
8
120
-4
111
27
64
81
14
120
-3
116
23
73
76
21
119
-1
121
19
81
71
28
117
0
124
15
89
65
35
113
1
126
11
95
58
42
109
3
127
8
101
51
48
104
6
127
4
106
44
54
97
8
126
1
110
37
60
90
11
123
-1
112
29
65
82
14
119
-4
114
21
69
73
17
114
-7
115
13
74
64
19
108
-9
114
5
77
54
22
101
-11
113
-1
80
44
25
93
-13
110
-9
82
33
28
84
-14
106
-16
83
22
30
74
-15
101
-23
84
12
32
64
-16
96
-29
83
1
34
53
-16
89
-35
82
-9
36
41
-16
81
-41
80
-20
38
29
-16
73
-46
77
-30
39
17
-16
63
-50
73
-40
39
5
-15
53
-54
69
-50
40
-7
-14
43
-57
64
-58
39
-19
-13
32
-59
58
-67
39
-31
-12
20
-61
51
-74
38
-43
-11
8
-62
44
-81
36
-54
-9
-3
-63
36
-86
34
-65
-8
-15
-62
27
-91
31
-75
-6
-26
-62
19
-95
28
-85
-5
-38
-60
9
-98
25
-93
-4
-49
-58
0
-100
21
-101
-3
-60
-56
-8
-101
17
-107
-1
-71
-53
-18
-101
12
-113
0
-80
-49
-28
-100
7
-117
0
-90
-46
-37
-98
2
-121
0
-98
-42
-46
-95
-3
-123
0
-105
-37
-55
-91
-9
-124
0
-111
-33
-64
-87
-14
-123
0
-117
-28
-72
-82
-20
-122
0
-121
-23
-79
-76
-26
-119
0
-124
-18
-86
-69
-32
-116
-1
-126
-13
-92
-62
-38
-111
-2
-126
-9
-97
-54
-43
-105
-3
-126
-4
-101
-46
-48
-98
-4
-124
0
-104
-37
-53
-90
-6
-121
4
-107
-29
-58
-82
-8
-117
8
-108
-20
-62
-73
-9
-111
11
-109
-11
-65
-63
-11
-105
15
-108
-3
-68
-52
-13
-98
18
-106
5
-70
-41
-15
-89
20
-103
13
-72
-30
-17
-80
22
-99
21
-73
-19
-19
-70
24
-94
29
-73
-7
-21
-59
26
-89
36
-73
3
-23
-48
27
-82
43
-72
15
-24
-36
27
-74
49
-70
26
-26
-24
28
-66
55
-67
36
-27
-12
28
-57
60
-64
47
-27
0
27
-47
64
-60
57
-28
12
27
-36
67
-55
66
-28
24
26
-26
70
-49
74
-27
36
24
-15
