0
-47
-60
-28
27
67
66
24
-26
-49
-27
24
72
82
48
-3
-36
-26
21
73
94
70
19
-21
-22
17
72
103
89
41
-5
-18
13
68
108
105
63
11
-11
9
62
108
117
82
29
-4
6
53
104
124
98
46
4
3
43
97
126
111
62
13
1
32
86
124
119
76
23
0
20
72
117
123
87
33
0
9
55
105
123
95
42
0
-2
37
90
117
100
49
0
-12
18
71
107
101
56
3
-21
0
49
93
98
60
5
-28
-19
26
75
91
62
8
-34
-36
3
54
81
62
11
-38
-51
-20
31
67
59
13
-39
-64
-43
7
50
54
15
-39
-73
-63
-17
30
46
16
-38
-80
-81
-41
9
35
16
-34
-83
-96
-64
-12
23
15
-30
-83
-106
-84
-33
9
13
-25
-80
-113
-101
-54
-5
9
-19
-74
-115
-114
-73
-21
4
-14
-65
-112
-123
-90
-37
-1
-8
-54
-106
-127
-104
-51
-8
-3
-42
-95
-126
-113
-65
-15
0
-28
-81
-121
-119
-76
-23
3
-14
-64
-111
-120
-85
-30
5
-1
-46
-96
-116
-91
-37
6
11
-25
-78
-108
-93
-43
6
23
-5
-57
-95
-91
-48
6
33
15
-34
-79
-86
-50
4
41
34
-10
-59
-78
-51
2
46
51
14
-37
-66
-50
0
50
66
37
-14
-51
-46
-2
51
78
59
10
-34
-41
-4
50
86
79
34
-15
-33
-6
48
91
95
57
5
-23
-6
43
93
108
78
25
-11
-6
37
91
116
96
46
1
-5
30
85
120
111
64
14
-3
23
76
119
121
81
28
0
15
65
113
126
95
42
3
8
51
104
127
106
54
8
1
37
90
123
112
65
14
-4
21
73
114
115
74
19
-9
5
54
101
113
80
25
-13
-9
33
84
106
83
30
-15
-23
12
64
96
83
34
-16
-35
-9
41
81
80
38
-16
-46
-30
17
63
73
39
-15
-54
-50
-7
43
64
39
-13
-59
-67
-31
20
51
38
-11
-62
-81
-54
-3
36
34
-8
-62
-91
-75
-26
19
28
-5
-60
-98
-93
-49
0
21
-3
-56
-101
-107
-71
-18
12
0
-49
-100
-117
-90
-37
2
0
-42
-95
-123
-105
-55
-9
0
-33
-87
-123
-117
-72
-20
0
-23
-76
-119
-124
-86
-32
-1
-13
-62
-111
-126
-97
-43
-3
-4
-46
-98
-124
-104
-53
-6
4
-29
-82
-117
-108
-62
-9
11
-11
-63
-105
-108
-68
-13
18
5
-41
-89
-103
-72
-17
22
21
-19
-70
-94
-73
-21
26
36
3
-48
-82
-72
-24
27
49
26
-24
-66
-67
-27
28
60
47
0
-47
-60
-28
27
67
66
24
-26
-49
-27
24
