0
0
0
0
0
47
-81
-11
210
-1414
-3714
-3135
-16
3208
4544
3054
-134
-2653
-2689
-192
3219
5215
4378
1433
-1462
-2263
-311
3099
5614
5503
2900
-238
-1653
-357
2872
5846
6425
4268
1030
-1005
-400
2558
5835
7112
5542
2300
-254
-328
2182
5590
7492
6582
3547
576
-215
1742
5119
7567
7359
4664
1420
-65
1278
4521
7375
7863
5653
2272
165
821
3757
6922
8067
6404
3100
481
371
2860
6206
7972
6926
3829
837
10
1902
5217
7574
7226
4431
1166
-349
926
4105
6870
7224
4875
1434
-665
-35
2828
5900
6945
5189
1812
-835
-929
1487
4697
6403
5269
2058
-959
-1778
83
3331
5590
5143
2284
-1016
-2522
-1245
1866
4567
4851
2444
-1003
-3125
-2500
334
3347
4317
2462
-909
-3550
-3688
-1235
1992
3615
2412
-785
-3812
-4629
-2695
524
2703
2229
-657
-3969
-5437
-4086
-971
1649
1896
-465
-3876
-6012
-5354
-2438
563
1496
-321
-3692
-6313
-6343
-3811
-604
985
-176
-3376
-6411
-7136
-5084
-1774
398
-75
-2932
-6241
-7625
-6157
-2953
-298
-53
-2426
-5803
-7804
-7039
-4077
-1005
3
-1827
-5206
-7724
-7649
-5033
-1719
-60
-1239
-4411
-7305
-7926
-5826
-2444
-206
-656
-3446
-6655
-7978
-6416
-3107
-396
-85
-2389
-5740
-7689
-6782
-3679
-585
409
-1352
-4625
-7055
-6883
-4157
-821
822
-246
-3311
-6196
-6715
-4469
-1068
1198
819
-1947
-5063
-6237
-4624
-1287
1499
1807
-513
-3767
-5563
-4568
-1474
1654
2683
921
-2300
-4651
-4381
-1629
1708
3385
2280
-764
-3533
-3989
-1723
1723
3989
3533
764
-2280
-3385
-1708
1629
4381
4651
2300
-921
-2683
-1654
1474
4568
5563
3767
513
-1807
-1499
1287
4624
6237
5063
1947
-819
-1198
1068
4469
6715
6196
3311
246
-822
821
4157
6883
7055
4625
1352
-409
585
3679
6782
7689
5740
2389
85
396
3107
6416
7978
6655
3446
656
206
2444
5826
7926
7305
4411
1239
60
1719
5033
7649
7724
5206
1827
-3
1005
4077
7039
7804
5803
2426
53
298
2953
6157
7625
6241
2932
75
-398
1774
5084
7136
6411
3376
176
-985
604
3811
6343
6313
3692
321
-1496
-563
2438
5354
6012
3876
465
-1896
-1649
971
4086
5437
3969
657
-2229
-2703
-524
2695
4629
3812
785
-2412
-3615
-1992
1235
3688
3550
909
-2462
-4317
-3347
-334
2500
3125
1003
-2444
-4851
-4567
-1866
1245
2522
1016
-2284
-5143
-5590
-3331
-83
1778
959
-2058
-5269
-6403
-4697
-1487
929
835
-1812
-5189
-6945
-5900
-2828
35
665
-1434
-4875
-7224
-6870
-4105
-926
349
-1166
-4431
-7226
-7574
-5217
-1902
-10
-837
-3829
-6926
-7972
-6206
-2860
-371
-481
-3100
-6404
-8067
-6922
-3757
-821
-165
-2272
-5653
-7863
-7375
-4521
-1278
65
-1420
-4664
-7359
-7567
-5119
-1742
215
-576
-3547
-6582
-7492
-5590
-2182
328
254
-2300
-5542
-7112
-5835
-2558
400
1005
-1030
-4268
-6425
-5846
-2872
357
1653
238
-2900
-5503
-5614
-3099
311
2263
1462
-1433
-4378
-5215
-3219
192
2689
2653
134
-3054
-4544
-3208
63
3054
3703
1624
-1624
-3703
-3054
