0
0
0
0
-28
-67
-7
112
-70
-5
520
1540
3100
3326
1283
-1401
-2786
-1817
923
3536
4273
2661
-63
-1913
-1528
920
3740
5052
3969
1313
-946
-1129
876
3785
5594
5105
2683
134
-671
833
3696
5949
6060
3955
1196
-182
794
3477
6106
6750
5085
2294
401
785
3208
5987
7204
6029
3291
998
748
2755
5636
7392
6780
4264
1648
791
2308
5144
7309
7270
5080
2240
808
1761
4414
6927
7472
5732
2826
920
1217
3590
6280
7399
6142
3311
982
700
2633
5434
7092
6347
3755
1080
173
1658
4382
6454
6310
4046
1137
-330
590
3171
5598
6059
4172
1267
-717
-361
1921
4554
5543
4199
1326
-1053
-1322
576
3302
4807
4034
1353
-1319
-2233
-763
1945
3908
3701
1353
-1524
-2998
-2103
478
2802
3212
1291
-1647
-3600
-3273
-955
1617
2582
1189
-1694
-4042
-4349
-2374
326
1846
985
-1670
-4329
-5211
-3736
-1000
983
721
-1575
-4451
-5862
-4893
-2276
58
403
-1506
-4409
-6312
-5930
-3560
-945
12
-1347
-4174
-6505
-6685
-4681
-1899
-367
-1221
-3827
-6445
-7225
-5672
-2854
-877
-1082
-3381
-6196
-7525
-6433
-3734
-1317
-910
-2815
-5673
-7506
-7001
-4506
-1799
-788
-2157
-4980
-7195
-7275
-5196
-2299
-755
-1521
-4076
-6607
-7295
-5635
-2748
-688
-868
-3081
-5805
-7028
-5859
-3092
-648
-193
-2021
-4780
-6471
-5907
-3356
-628
398
-882
-3602
-5726
-5748
-3503
-631
966
203
-2314
-4719
-5295
-3527
-640
1453
1298
-922
-3526
-4708
-3459
-630
1822
2302
471
-2270
-3890
-3200
-630
2137
3191
1862
-840
-2910
-2850
-607
2314
3914
3134
651
-1772
-2346
-510
2398
4467
4288
2023
-577
-1689
-422
2381
4818
5247
3399
708
-962
-262
2298
5034
6028
4652
1923
-177
-52
2157
5001
6544
5692
3131
700
165
1937
4836
6816
6564
4259
1559
455
1716
4481
6867
7163
5244
2395
771
1444
3957
6644
7528
6042
3231
1066
1105
3295
6134
7565
6620
3953
1446
844
2589
5434
7357
6982
4600
1801
645
1851
4557
6823
7051
5009
2117
425
1022
3507
6084
6857
5296
2418
240
281
2410
5109
6438
5404
2669
110
-493
1167
3927
5721
5288
2800
-13
-1183
-2
2647
4842
4986
2838
-51
-1806
-1186
1235
3746
4463
2803
-103
-2304
-2297
-179
2476
3758
2642
-113
-2682
-3284
-1569
1147
2908
2367
-149
-2943
-4153
-2937
-314
1889
1954
-160
-3094
-4803
-4166
-1719
777
1422
-193
-3119
-5275
-5259
-3076
-403
850
-251
-3022
-5534
-6089
-4334
-1510
226
-302
-2826
-5589
-6720
-5435
-2707
-540
-434
-2569
-5452
-7086
-6359
-3814
-1247
-576
-2238
-5057
-7184
-7010
-4788
-2000
-751
-1854
-4577
-7016
-7448
-5592
-2718
-917
-1416
-3884
-6591
-7608
-6224
-3412
-1152
-1020
-3107
-5908
-7446
-6595
-3949
-1332
-603
-2216
-5001
-7009
-6766
-4421
-1590
-274
-1301
-3994
-6322
-6652
-4707
-1764
91
-408
-2801
-5401
-6302
-4819
-1937
342
447
-1556
-4263
-5686
-4777
-2065
556
1300
-256
-2960
-4895
-4561
-2133
711
2056
1013
-1583
-3862
-4135
-2115
807
2700
2201
-172
-2693
-3571
-1996
895
