0 0
0 1
0 0
0 1
0 0
0 1
0 0
0 1
0 0
0 1
0 0
0 1
0 0
0 1
0 0
0 1
0 0
0 1
0 0
0 1
0 0
0 1
0 0
0 1
0 0
0 1
0 0
0 1
0 0
0 1
0 0
0 1
0 0
0 1
0 0
0 1
0 0
0 1
0 0
0 1
0 0
0 1
0 0
0 1
0 0
0 1
0 0
0 1
0 0
0 1
0 0
0 1
0 0
0 1
0 0
0 1
0 0
0 1
0 0
0 1
0 0
0 1
0 0
0 1
0 0
0 1
0 0
0 1
0 0
0 1
0 0
0 1
0 0
0 1
0 0
0 1
0 0
0 1
0 0
0 1
0 0
0 1
0 0
0 1
0 0
0 1
0 0
-1 1
0 0
1 1
0 0
-2 1
0 0
3 1
0 0
-4 1
0 0
7 1
0 0
-13 1
0 0
41 1
0 0
41 1
0 0
-13 1
0 0
7 1
0 0
-4 1
0 0
3 1
0 0
-2 1
0 0
1 1
0 0
-1 1
0 0
0 1
0 0
0 1
0 0
0 1
0 0
0 1
0 0
0 1
0 0
0 1
0 0
0 1
0 0
0 1
0 0
0 1
0 0
-1 1
64 0
1 1
0 0
-3 1
0 0
4 1
64 0
-6 1
64 0
10 1
-64 0
-17 1
0 0
49 1
0 0
27 1
0 0
30 1
-64 0
45 1
0 0
-15 1
0 0
5 1
64 0
2 1
64 0
-30 1
64 0
-54 1
0 0
30 1
0 0
-38 1
0 0
94 1
-64 0
65 1
0 0
19 1
0 0
52 1
0 0
-20 1
64 0
30 1
0 0
97 1
64 0
-43 1
64 0
-103 1
-64 0
68 1
-64 0
31 1
0 0
-12 1
0 0
16 1
0 0
-46 1
64 0
-35 1
0 0
2 1
128 0
15 1
0 0
-69 1
-64 0
-121 1
0 0
-25 1
64 0
36 1
0 0
50 1
-64 0
-46 1
0 0
-52 1
0 0
59 1
0 0
19 1
-64 0
39 1
0 0
33 1
0 0
5 1
0 0
-28 1
0 0
94 1
0 0
56 1
0 0
60 1
0 0
82 1
-128 0
9 1
0 0
54 1
64 0
4 1
0 0
101 1
0 0
-6 1
0 0
-75 1
0 0
125 1
0 0
132 1
0 0
-82 1
0 0
-15 1
0 0
-32 1
-128 0
-49 1
0 0
26 1
-128 0
-29 1
0 0
59 1
-64 0
10 1
0 0
76 1
0 0
65 1
-64 0
-117 1
-128 0
-2 1
64 0
-19 1
0 0
31 1
0 0
-89 1
64 0
-73 1
-64 0
-5 1
64 0
-91 1
64 0
-26 1
0 0
8 1
64 0
-14 1
-64 0
25 1
-64 0
-82 1
-128 0
-77 1
64 0
0 1
-192 0
-83 1
64 0
107 1
64 0
62 1
0 0
-7 1
-64 0
-8 1
64 0
45 1
0 0
34 1
64 0
24 1
128 0
50 1
-64 0
1 1
0 0
87 1
-64 0
-117 1
-64 0
-45 1
64 0
-45 1
0 0
11 1
0 0
-13 1
0 0
-124 1
64 0
89 1
0 0
6 1
-128 0
26 1
0 0
-59 1
128 0
-13 1
128 0
-51 1
64 0
-12 1
-64 0
-84 1
64 0
-57 1
192 0
-86 1
0 0
-151 1
64 0
84 1
0 0
43 1
-64 0
80 1
0 0
52 1
192 0
80 1
0 0
29 1
-128 0
15 1
0 0
98 1
-192 0
9 1
-64 0
45 1
0 0
29 1
-64 0
28 1
64 0
42 1
0 0
11 1
0 0
76 1
64 0
-116 1
0 0
-195 1
-128 0
-53 1
0 0
32 1
128 0
71 1
0 0
-126 1
-64 0
-133 1
64 0
83 1
64 0
15 1
-64 0
11 1
-64 0
-22 1
0 0
39 1
0 0
-120 1
-64 0
-129 1
0 0
49 1
64 0
-37 1
64 0
34 1
128 0
-45 1
0 0
91 1
0 0
-78 1
64 0
21 1
0 0
190 1
64 0
-7 1
-64 0
3 1
0 0
14 1
-64 0
-54 1
0 0
13 1
0 0
26 1
0 0
72 1
64 0
75 1
64 0
16 1
192 0
47 1
-64 0
-1 1
64 0
-65 1
-64 0
-117 1
0 0
-76 1
-256 0
-157 1
64 0
-96 1
-256 0
-28 1
128 0
4 1
-128 0
47 1
256 0
201 1
0 0
153 1
384 0
163 1
-64 0
165 1
384 0
-32 1
-384 0
-93 1
128 0
-326 1
-576 0
-243 1
0 0
-380 1
-448 0
-107 1
192 0
-264 1
-256 0
105 1
640 0
158 1
0 0
360 1
768 0
285 1
-64 0
550 1
576 0
143 1
-320 0
92 1
128 0
-388 1
-768 0
-254 1
-192 0
-617 1
-896 0
-376 1
0 0
-439 1
-320 0
199 1
320 0
14 1
320 0
602 1
704 0
669 1
768 0
762 1
384 0
600 1
640 0
189 1
-512 0
89 1
128 0
-632 1
-1472 0
-550 1
-192 0
-1210 1
-1600 0
-435 1
384 0
-919 1
-1024 0
502 1
1216 0
-113 1
-192 0
1502 1
2048 0
429 1
192 0
1651 1
1536 0
386 1
-256 0
589 1
192 0
-575 1
-896 0
-536 1
-1216 0
-1092 1
-832 0
-1370 1
-1600 0
-709 1
256 0
-1239 1
-960 0
774 1
1920 0
-274 1
-192 0
1989 1
2752 0
411 1
64 0
2382 1
1984 0
45 1
-640 0
1026 1
128 0
-922 1
-1280 0
-930 1
-1728 0
-1324 1
-896 0
-2161 1
-2368 0
-392 1
768 0
-1819 1
-1280 0
1445 1
2624 0
-463 1
-128 0
2786 1
3072 0
608 1
448 0
2312 1
1472 0
511 1
256 0
171 1
-1408 0
-193 1
-192 0
-2687 1
-3328 0
-328 1
64 0
-3578 1
-3200 0
300 1
1088 0
-2084 1
-768 0
1424 1
1728 0
870 1
2048 0
1584 1
1088 0
2779 1
3136 0
317 1
-960 0
2807 1
2112 0
-2051 1
-3008 0
824 1
-320 0
-3395 1
-3136 0
-1718 1
-2112 0
-1931 1
-320 0
-2624 1
-2304 0
1302 1
2880 0
-1424 1
-640 0
3934 1
4032 0
587 1
1216 0
3257 1
1984 0
1695 1
1728 0
-9 1
-2112 0
1632 1
896 0
-3537 1
-4608 0
98 1
-576 0
-4301 1
-3136 0
-1295 1
-1536 0
-1202 1
960 0
-1485 1
-1280 0
3171 1
4480 0
-529 1
192 0
4910 1
3904 0
1119 1
1536 0
2095 1
-256 0
1620 1
1472 0
-2706 1
-4032 0
900 1
0 0
-4799 1
-4032 0
-995 1
-1792 0
-2530 1
-128 0
-2401 1
-2240 0
2072 1
3840 0
-1181 1
-64 0
4555 1
3968 0
1363 1
2752 0
2216 1
64 0
3360 1
3072 0
-1817 1
-3200 0
1687 1
-64 0
-3693 1
-2816 0
-2174 1
-3648 0
-1532 1
256 0
-4365 1
-3712 0
1688 1
2304 0
-1778 1
768 0
2204 1
1472 0
3324 1
4608 0
615 1
-320 0
5078 1
3584 0
-669 1
-320 0
961 1
-1984 0
67 1
320 0
-4507 1
-5312 0
-57 1
-640 0
-4327 1
-2240 0
-1640 1
-2112 0
609 1
2944 0
-2007 1
-832 0
4095 1
3840 0
1093 1
2880 0
2351 1
256 0
4094 1
3904 0
-1417 1
-2048 0
2090 1
-704 0
-1572 1
-768 0
-3459 1
-5120 0
-268 1
-64 0
-4907 1
-2816 0
-580 1
-1216 0
305 1
3072 0
-1434 1
-704 0
4458 1
3968 0
1113 1
2944 0
2284 1
0 0
4352 1
3776 0
-1411 1
-1920 0
1433 1
-1536 0
-1388 1
-320 0
-4443 1
-5312 0
-67 1
-512 0
-4289 1
-1344 0
-1605 1
-2240 0
1741 1
3648 0
-1550 1
384 0
3790 1
2176 0
2976 1
4672 0
542 1
-768 0
4400 1
2176 0
-550 1
128 0
-1220 1
-4160 0
653 1
0 0
-4855 1
-3584 0
-1893 1
-3648 0
-973 1
1344 0
-3847 1
-2112 0
2154 1
1536 0
1162 1
4096 0
362 1
0 0
5283 1
3840 0
1068 1
2432 0
870 1
-1984 0
2908 1
1472 0
-2967 1
-2112 0
-1568 1
-4480 0
-742 1
0 0
-5357 1
-3520 0
-856 1
-2112 0
39 1
3008 0
-2370 1
-576 0
3592 1
2368 0
2468 1
4672 0
554 1
-192 0
4703 1
2048 0
706 1
1984 0
-1314 1
-3584 0
1598 1
-704 0
-3376 1
-1472 0
-4072 1
-5568 0
-1 1
0 0
-3919 1
-128 0
-1089 1
-1728 0
3351 1
3968 0
-385 1
2304 0
2484 1
384 0
4421 1
3904 0
-83 1
1216 0
1248 1
-1984 0
2474 1
1280 0
-3126 1
-2048 0
-2240 1
-5120 0
-357 1
-128 0
-5797 1
-2368 0
-1513 1
-2496 0
1972 1
4032 0
-1640 1
1408 0
3224 1
768 0
4378 1
4224 0
-25 1
1344 0
1903 1
-896 0
2866 1
1984 0
-1560 1
0 0
-1640 1
-5248 0
708 1
-960 0
-5418 1
-2176 0
-4047 1
-5184 0
1477 1
2560 0
-2280 1
2240 0
1470 1
-128 0
5030 1
4096 0
658 1
2432 0
939 1
-448 0
2955 1
960 0
878 1
2432 0
-1789 1
-2752 0
821 1
-3648 0
-1387 1
0 0
-6980 1
-5568 0
-806 1
-2688 0
-191 1
4288 0
-2670 1
320 0
4402 1
1472 0
3800 1
4032 0
-141 1
896 0
1715 1
-384 0
2529 1
1344 0
542 1
2496 0
-1475 1
-3200 0
1351 1
-3392 0
-2231 1
-192 0
-7586 1
-6272 0
-263 1
-1984 0
49 1
5056 0
-2147 1
640 0
5155 1
1600 0
3875 1
3456 0
-300 1
768 0
738 1
-256 0
2082 1
512 0
1675 1
3008 0
-2102 1
-2368 0
-68 1
-6080 0
-534 1
-192 0
-8405 1
-3648 0
-2727 1
-4096 0
3235 1
5568 0
-1255 1
3456 0
2920 1
0 0
5174 1
2048 0
296 1
1152 0
-389 1
1024 0
724 1
-512 0
3220 1
960 0
229 1
1664 0
-4660 1
-7040 0
-421 1
-5568 0
-3423 1
1792 0
-7465 1
-2304 0
2955 1
704 0
4961 1
6400 0
-30 1
1600 0
2716 1
-704 0
1945 1
384 0
189 1
1728 0
308 1
3328 0
-18 1
-2304 0
3299 1
-2432 0
-1464 1
192 0
-8835 1
-7232 0
-1839 1
-5120 0
374 1
5568 0
-3627 1
2624 0
3907 1
448 0
6329 1
3456 0
-41 1
704 0
-325 1
0 0
240 1
512 0
2041 1
256 0
3272 1
3648 0
-3071 1
-2432 0
-2551 1
-8192 0
-244 1
-1600 0
-7463 1
1152 0
-4569 1
-2816 0
6367 1
3904 0
3802 1
6272 0
-20 1
-192 0
2678 1
-768 0
489 1
-64 0
354 1
1664 0
1610 1
4224 0
-906 1
-2240 0
2164 1
-5952 0
-366 1
-384 0
-8828 1
-3456 0
-4234 1
-6080 0
3835 1
4032 0
808 1
7168 0
463 1
384 0
5481 1
-64 0
1804 1
448 0
-847 1
512 0
570 1
3456 0
-199 1
192 0
3228 1
-3584 0
2059 1
192 0
-6768 1
-3200 0
-6490 1
-8192 0
1208 1
0 0
-155 1
7424 0
-1868 1
2368 0
5444 1
0 0
4905 1
1792 0
-707 1
64 0
-515 1
1536 0
51 1
2240 0
1264 1
-1792 0
4617 1
-1024 0
-1548 1
576 0
-8992 1
-6976 0
-3188 1
-7936 0
1517 1
3392 0
-2577 1
6656 0
26 1
768 0
6741 1
640 0
3476 1
1600 0
-1231 1
-128 0
-204 1
2176 0
43 1
2240 0
1684 1
-2496 0
4461 1
-1344 0
-2288 1
256 0
-9508 1
-6528 0
-3504 1
-7552 0
2543 1
3328 0
-1043 1
7424 0
-193 1
1536 0
5552 1
-384 0
3553 1
832 0
-791 1
128 0
82 1
2176 0
513 1
3520 0
-13 1
-2368 0
3522 1
-5184 0
-144 1
-896 0
-7745 1
-1600 0
-6470 1
-6016 0
2312 1
-768 0
4914 1
7360 0
112 1
5120 0
1445 1
-704 0
3155 1
-704 0
371 1
0 0
563 1
640 0
2600 1
4032 0
-465 1
2368 0
-2391 1
-6528 0
409 1
-8192 0
-1557 1
-384 0
-8207 1
2880 0
-4900 1
-576 0
5634 1
640 0
7258 1
4416 0
1218 1
2432 0
-948 1
-768 0
194 1
1024 0
-160 1
1216 0
2221 1
-1216 0
4615 1
-192 0
-1151 1
1024 0
-8309 1
-4736 0
-5614 1
-8192 0
1509 1
-1728 0
1275 1
7232 0
-1416 1
6016 0
1766 1
128 0
4668 1
-768 0
1894 1
64 0
-392 1
64 0
1565 1
2560 0
1192 1
4480 0
-1952 1
-1472 0
-1031 1
-8192 0
675 1
-6656 0
-3653 1
1536 0
-8029 1
3456 0
-2534 1
192 0
6731 1
640 0
6864 1
3008 0
984 1
1536 0
-1167 1
-192 0
-161 1
2176 0
59 1
2880 0
898 1
-1856 0
3888 1
-5120 0
966 1
-2112 0
-5920 1
128 0
-9030 1
-2752 0
-2511 1
-3648 0
6339 1
1664 0
5397 1
6208 0
858 1
3520 0
-400 1
-512 0
585 1
128 0
56 1
1472 0
1083 1
-256 0
4202 1
-1792 0
2802 1
0 0
-4819 1
-64 0
-9654 1
-4736 0
-4665 1
-6784 0
3290 1
-768 0
4581 1
6400 0
1182 1
6336 0
106 1
1024 0
1489 1
-960 0
905 1
320 0
347 1
576 0
2442 1
-768 0
4324 1
-128 0
-38 1
1152 0
-6835 1
-1600 0
-7928 1
-6656 0
-2162 1
-6272 0
4197 1
1344 0
3584 1
7424 0
517 1
5568 0
284 1
320 0
1357 1
-1088 0
609 1
704 0
326 1
768 0
2481 1
-1216 0
4607 1
-1408 0
-42 1
192 0
-6614 1
-768 0
-8644 1
-4352 0
-3332 1
-5248 0
4887 1
-256 0
5953 1
5312 0
2356 1
5504 0
-508 1
1472 0
-206 1
-448 0
265 1
1408 0
6 1
2624 0
1320 1
-1024 0
3432 1
-5056 0
2755 1
-4672 0
-4027 1
-832 0
-8565 1
1472 0
-6821 1
448 0
211 1
-640 0
7626 1
704 0
6833 1
2240 0
1841 1
1600 0
-1107 1
128 0
-214 1
1216 0
1001 1
3904 0
-73 1
3776 0
-1869 1
-2368 0
-1487 1
-8192 0
-129 1
-8192 0
-645 1
-2176 0
-2845 1
5504 0
-3121 1
7488 0
-141 1
3712 0
3456 1
-384 0
3752 1
-1344 0
1270 1
64 0
-51 1
320 0
2319 1
-512 0
4370 1
-832 0
2089 1
0 0
-5180 1
128 0
-8921 1
-1600 0
-6777 1
-3520 0
-282 1
-2816 0
6776 1
512 0
6983 1
3392 0
3182 1
3072 0
-771 1
896 0
-1113 1
0 0
471 1
2432 0
675 1
4544 0
-939 1
2368 0
-2411 1
-4096 0
-2049 1
-8192 0
-433 1
-8192 0
439 1
-1920 0
-45 1
5504 0
-642 1
8000 0
-173 1
4864 0
965 1
384 0
1329 1
-960 0
552 1
896 0
32 1
2432 0
1059 1
128 0
3038 1
-4480 0
3273 1
-7360 0
217 1
-5696 0
-4826 1
0 0
-7425 1
4992 0
-5269 1
6144 0
-261 1
3648 0
4134 1
128 0
4789 1
-1344 0
2408 1
-576 0
288 1
512 0
972 1
192 0
3694 1
-1728 0
4326 1
-3584 0
1024 1
-3200 0
-5671 1
-704 0
-8586 1
2048 0
-7604 1
3520 0
-2804 1
2752 0
4224 1
768 0
6647 1
-704 0
4915 1
-896 0
1290 1
-192 0
-114 1
256 0
1936 1
-320 0
4249 1
-1664 0
3571 1
-2688 0
-982 1
-2112 0
-6791 1
0 0
-8716 1
2432 0
-6928 1
3712 0
-1386 1
2880 0
4515 1
768 0
6293 1
-896 0
4257 1
-1088 0
1075 1
-64 0
183 1
704 0
2184 1
-320 0
4266 1
-2944 0
3896 1
-5120 0
281 1
-4992 0
-4932 1
-1472 0
-7979 1
3200 0
-6794 1
6464 0
-2943 1
6272 0
1452 1
3008 0
3346 1
-320 0
2481 1
-1344 0
808 1
512 0
-46 1
2368 0
758 1
1984 0
1807 1
-2048 0
2092 1
-7168 0
1163 1
-8192 0
-104 1
-7936 0
-531 1
-2048 0
18 1
4352 0
713 1
7232 0
648 1
5888 0
-223 1
2496 0
-902 1
128 0
-590 1
512 0
360 1
2752 0
591 1
4352 0
-1185 1
3392 0
-4595 1
256 0
-7363 1
-3200 0
-7134 1
-4416 0
-3253 1
-3328 0
2668 1
-1280 0
7100 1
0 0
7817 1
0 0
5008 1
-384 0
1517 1
-256 0
21 1
384 0
1235 1
192 0
3531 1
-1792 0
4278 1
-4992 0
2631 1
-7360 0
-913 1
-6400 0
-3726 1
-2112 0
-4192 1
3520 0
-2563 1
7488 0
-623 1
7360 0
-3 1
4480 0
-471 1
1152 0
-764 1
-128 0
-213 1
1152 0
803 1
3008 0
592 1
3776 0
-1555 1
2368 0
-6358 1
320 0
-8316 1
-576 0
-8345 1
384 0
-5722 1
2112 0
500 1
2816 0
4501 1
1536 0
5664 1
-384 0
3666 1
-1344 0
1313 1
0 0
63 1
2432 0
191 1
3648 0
181 1
1856 0
-890 1
-2240 0
-2797 1
-6144 0
-3504 1
-7808 0
-1562 1
-6080 0
2489 1
-2816 0
6801 1
-448 0
8229 1
64 0
6374 1
-576 0
2922 1
-704 0
492 1
256 0
206 1
1536 0
1438 1
1152 0
2558 1
-2112 0
1959 1
-6528 0
399 1
-8192 0
-399 1
-8192 0
1020 1
-6208 0
4139 1
-2112 0
6942 1
640 0
7204 1
896 0
4876 1
-64 0
1819 1
-384 0
-49 1
384 0
470 1
1280 0
2108 1
320 0
2968 1
-3200 0
1999 1
-7296 0
140 1
-8192 0
-389 1
-8192 0
1456 1
-5440 0
4965 1
-1600 0
7714 1
256 0
7627 1
0 0
4935 1
-832 0
1813 1
-640 0
82 1
960 0
362 1
2304 0
1278 1
1664 0
837 1
-1280 0
-1101 1
-4864 0
-3125 1
-6784 0
-3368 1
-5568 0
-669 1
-2432 0
3531 1
192 0
6220 1
768 0
6309 1
-320 0
4332 1
-1152 0
1710 1
-320 0
144 1
1856 0
77 1
3904 0
-416 1
4096 0
-2234 1
2240 0
-5899 1
320 0
-8076 1
64 0
-8519 1
2176 0
-6920 1
5120 0
-2975 1
6656 0
-293 1
5696 0
519 1
3136 0
-360 1
768 0
-758 1
128 0
102 1
384 0
1762 1
192 0
3009 1
-1472 0
2315 1
-4288 0
158 1
-6464 0
-1494 1
-6400 0
-1290 1
-3776 0
1084 1
-768 0
3656 1
1152 0
4956 1
1088 0
4093 1
-64 0
2088 1
-576 0
447 1
256 0
-24 1
1792 0
438 1
2560 0
60 1
1600 0
-1749 1
-128 0
-4485 1
-1152 0
-6099 1
-384 0
-5654 1
1920 0
-3528 1
4160 0
-876 1
4864 0
407 1
3648 0
154 1
1664 0
-624 1
384 0
-611 1
-64 0
691 1
0 0
2210 1
-832 0
2746 1
-2688 0
1989 1
-4928 0
622 1
-5952 0
54 1
-5120 0
871 1
-2880 0
2688 1
-704 0
4092 1
256 0
3899 1
64 0
2490 1
-448 0
884 1
-320 0
54 1
448 0
137 1
1216 0
492 1
960 0
203 1
-448 0
-693 1
-2112 0
-1636 1
-2944 0
-1663 1
-2304 0
-395 1
-1024 0
1486 1
0 0
2887 1
256 0
2849 1
-192 0
1866 1
-512 0
712 1
-192 0
85 1
768 0
5 1
1408 0
-95 1
1280 0
-692 1
320 0
-1729 1
-704 0
-2290 1
-1088 0
-2046 1
-640 0
-852 1
128 0
650 1
512 0
1608 1
384 0
1647 1
-128 0
1040 1
-320 0
340 1
0 0
6 1
640 0
31 1
1024 0
-109 1
704 0
-526 1
0 0
-1057 1
-704 0
-1323 1
-960 0
-954 1
-640 0
-24 1
-128 0
853 1
128 0
1318 1
0 0
1108 1
-192 0
589 1
-192 0
131 1
64 0
20 1
384 0
108 1
384 0
138 1
0 0
32 1
-576 0
-159 1
-960 0
-206 1
-960 0
40 1
-640 0
444 1
-192 0
673 1
64 0
653 1
128 0
350 1
64 0
83 1
0 0
-17 1
0 0
64 1
0 0
196 1
-64 0
282 1
-256 0
161 1
-384 0
-18 1
-320 0
-108 1
-192 0
-111 1
64 0
-20 1
192 0
0 1
192 0
-3 1
128 0
-3 1
64 0
1 1
0 0
-1 1
0 0
4 1
64 0
-5 1
64 0
10 1
