0
0
0
0
0
0
0
0
0
0
0
0
0
0
0
0
0
0
0
0
0
0
0
0
0
0
0
0
0
0
0
0
0
0
0
0
0
0
0
0
0
0
0
0
0
0
0
0
0
0
0
0
0
0
0
0
0
0
0
0
0
0
0
0
0
0
0
0
0
0
0
0
0
0
0
0
0
0
0
0
0
0
0
0
0
0
0
0
0
0
0
0
0
0
0
0
0
0
0
0
0
0
0
0
0
0
0
0
0
0
0
0
0
0
0
0
0
0
0
0
0
0
0
0
0
0
0
0
0
0
0
0
0
0
0
0
0
0
0
0
0
0
0
0
0
0
0
0
0
0
0
0
0
1
0
0
0
0
0
0
0
0
0
1
0
0
0
-1
0
0
0
0
0
0
0
0
0
0
0
0
1
0
0
0
1
0
0
-1
-1
0
0
0
0
0
0
0
0
0
0
0
0
0
0
0
0
0
0
0
0
0
0
0
0
1
0
0
0
1
0
0
-1
0
0
0
0
0
0
0
0
0
0
0
0
2
0
0
0
0
0
0
0
0
-1
0
0
0
-1
0
0
1
0
0
0
1
0
0
0
0
-1
0
0
0
0
0
0
-1
0
0
0
0
1
0
0
0
0
0
1
0
0
0
0
-1
-1
0
0
0
-2
0
1
1
0
0
0
0
0
0
0
1
0
0
1
0
1
0
0
0
0
0
0
-1
0
0
0
0
0
0
0
-1
0
0
1
0
0
0
-1
0
0
0
1
0
1
0
0
0
0
-1
0
0
2
-2
0
0
0
0
0
0
0
0
0
0
2
0
0
0
-1
0
0
0
-2
0
0
0
0
0
0
0
0
0
0
1
0
0
0
-2
0
-1
-1
0
0
1
1
0
0
-2
0
0
0
0
0
0
0
0
0
0
0
0
0
-2
0
0
0
0
0
0
0
0
1
0
0
0
0
-1
0
2
0
0
1
0
0
0
0
0
0
0
0
0
0
0
0
1
0
0
0
0
2
0
0
0
0
-1
-1
0
0
-1
-3
-1
0
-1
-3
0
1
0
-1
1
3
2
0
1
5
2
0
1
4
0
-4
-2
1
-4
-7
-2
0
-4
-5
-1
2
-2
-3
3
7
0
0
6
9
2
0
8
7
-2
-3
2
1
-8
-9
0
-2
-11
-11
0
0
-8
-4
8
3
-4
4
16
9
0
9
17
4
-3
8
10
-5
-11
1
0
-18
-17
-2
-4
-19
-12
4
0
-12
1
15
6
-2
16
25
6
2
21
18
-4
-3
10
2
-19
-11
3
-15
-29
-10
0
-19
-23
3
6
-11
-3
23
13
-2
15
34
13
0
23
24
-4
-8
14
1
-27
-16
2
-21
-38
-10
-1
-29
-24
9
4
-16
5
32
10
-1
30
38
4
5
34
18
-14
2
19
-17
-35
-2
-6
-41
-30
0
-21
-40
-3
13
-18
-9
32
21
-4
25
45
13
3
38
30
-11
1
26
-12
-37
-2
-4
-51
-39
0
-26
-50
-4
9
-28
-10
35
15
-8
37
50
6
14
51
24
-11
21
27
-25
-21
11
-21
-57
-15
-7
-53
-39
7
-19
-39
12
26
-15
9
56
22
2
53
48
-2
18
47
-2
-26
18
-1
-50
-21
0
-50
-50
0
-22
-54
-1
15
-27
-2
48
16
-1
52
49
0
33
55
0
-3
38
0
-40
0
0
-57
-34
0
-45
-54
3
-11
-46
7
28
-16
9
57
18
6
57
42
-3
35
44
-17
-4
29
-24
-44
3
-24
-66
-16
-8
-57
-27
15
-26
-22
36
12
-10
46
47
0
36
60
2
7
49
-2
-25
21
-9
-51
-9
-10
-63
-30
0
-49
-35
19
-15
-23
38
22
-8
46
49
0
36
59
0
13
47
-10
-24
20
-19
-55
-4
-20
-66
-18
-6
-57
-16
19
-27
-5
45
4
4
61
27
5
58
35
-9
35
26
-30
1
11
-52
-26
0
-56
-44
1
-45
-41
17
-14
-25
38
19
-8
51
41
0
49
47
-6
30
36
-24
1
18
-44
-26
2
-56
-44
0
-49
-44
13
-26
-26
37
3
-7
55
29
2
58
35
-2
45
25
-19
24
7
-44
0
-9
-64
-18
-14
-69
-18
0
-49
-1
29
-21
18
49
0
28
56
4
25
48
-5
15
35
-24
-1
16
-48
-25
-1
-63
-38
-1
-63
-29
22
-31
-3
50
0
17
63
9
21
52
2
16
39
-11
10
24
-32
0
3
-65
-21
-12
-81
-27
0
-64
-2
32
-21
27
55
-1
35
50
0
30
27
-5
29
11
-10
30
-11
-33
14
-45
-63
0
-59
-69
15
-33
-32
53
7
3
68
18
12
50
5
11
29
-4
22
16
-10
31
-4
-39
13
-42
-77
-2
-57
-78
20
-24
-29
62
17
8
74
19
11
43
0
9
15
-2
29
6
-2
37
-24
-29
15
-75
-59
-2
-93
-45
26
-51
10
69
-3
42
67
0
31
25
-8
14
1
12
22
-6
36
11
-38
20
-37
-87
-2
-69
-88
22
-37
-28
76
8
20
79
11
19
38
-9
4
4
5
21
-2
41
20
-28
32
-30
-79
2
-81
-90
15
-63
-31
69
-10
32
87
5
35
43
-12
9
2
0
6
5
44
3
6
45
-52
-30
-1
-113
-43
-20
-106
14
20
-35
84
48
7
78
17
-2
24
-9
-5
0
18
20
2
52
1
-28
33
-74
-66
-4
-117
-43
9
-76
42
50
-9
89
43
4
55
0
-6
5
-1
6
1
42
12
2
52
-44
-30
2
-115
-39
-30
-111
24
0
-28
92
20
29
82
0
19
21
-16
0
0
19
1
28
42
-22
37
-12
-80
7
-90
-87
5
-98
-3
42
-32
83
50
9
76
7
4
19
-14
-1
1
27
3
27
46
-31
29
-17
-87
3
-96
-81
8
-93
16
41
-22
92
38
19
68
-4
9
10
-11
1
8
27
-1
43
21
-29
39
-64
-56
-10
-128
-19
-30
-75
64
-9
28
92
0
63
35
-8
23
-8
-4
0
24
8
19
50
-25
29
-13
-81
6
-106
-64
-4
-101
35
7
-7
98
7
53
55
-9
30
-4
-9
0
12
5
14
51
-15
34
-2
-66
12
-103
-59
-21
-113
29
-21
-6
89
-4
75
47
1
45
-9
0
0
2
1
25
31
-5
55
-25
-18
3
-109
-9
-82
-82
19
-80
43
32
2
101
8
48
37
-10
19
-10
-2
0
26
1
35
31
-22
44
-64
-31
-26
-121
1
-87
-34
35
-45
85
20
37
77
-5
44
0
-6
4
1
1
18
34
-3
55
-22
-7
0
-105
0
-102
-59
-3
-84
61
-9
37
79
1
79
8
12
17
-12
2
4
14
6
47
-9
38
-1
-47
14
-112
-20
-70
-83
20
-78
58
16
24
92
0
69
9
3
12
-13
1
9
15
9
50
-15
40
-17
-47
2
-118
-9
-87
-54
16
-65
78
-3
55
66
6
68
-8
18
0
-5
0
17
5
32
32
-12
47
-62
0
-58
-89
-10
-120
18
-50
5
58
-8
102
8
55
27
-2
19
-12
1
4
15
8
48
-13
46
-22
-29
-8
-112
0
-113
-21
-26
-41
68
-24
93
22
46
49
-5
30
-16
2
0
10
4
46
-6
48
-10
-15
0
-99
1
-122
-19
-51
-43
48
-35
95
6
66
42
11
38
-18
10
-5
0
9
30
0
56
-21
29
-29
-51
-14
-120
2
-113
4
-23
-4
68
-6
99
4
60
15
5
11
-12
0
11
4
30
26
1
44
-55
27
-91
-28
-70
-82
0
-84
62
-36
76
28
45
61
1
46
-16
11
-7
1
6
28
2
56
-21
41
-44
-26
-39
-97
-9
-121
25
-73
43
14
34
74
9
77
-8
36
-11
0
-2
4
3
41
-3
54
-20
24
-33
-50
-26
-113
0
-115
30
-55
46
24
35
75
9
69
-11
30
-13
0
0
9
8
41
-4
55
-36
32
-63
-28
-62
-85
-18
-97
40
-62
80
-6
78
36
37
39
-3
20
-16
0
6
1
29
14
25
25
-25
21
-89
6
-123
-5
-99
-4
-25
4
54
9
90
2
73
-9
31
-11
1
-1
6
9
34
1
53
-33
42
-76
3
-96
-39
-69
-55
-4
-41
66
-16
99
0
83
0
36
-4
3
-2
1
4
29
2
52
-22
48
-62
12
-91
-31
-80
-52
-26
-43
43
-18
93
-1
92
-2
56
-9
14
-7
-1
4
14
12
37
0
47
-46
29
-98
3
-124
-7
-96
4
-31
26
35
35
68
19
59
-4
28
-16
5
0
0
30
4
45
-1
23
-21
-28
-41
-76
-34
-97
3
-75
59
-35
99
-5
94
0
57
-7
16
-9
0
3
8
19
28
14
32
-26
16
-81
-2
-117
0
-117
30
-77
71
-25
92
8
77
10
40
0
7
-4
0
4
16
15
34
4
35
-39
13
-91
-4
-123
2
-110
38
-67
81
-19
99
3
79
0
39
-10
8
-7
0
11
11
28
17
20
1
-16
-26
-60
-43
-84
-29
-69
17
-30
63
2
80
9
66
-4
34
-14
6
-3
0
23
0
48
-12
50
-46
27
-89
3
-115
1
-100
26
-59
64
-16
83
5
70
1
39
-9
9
-7
1
10
4
31
2
36
-18
16
-53
-10
-80
-21
-79
-4
-47
30
-9
55
14
58
13
37
0
13
-7
0
3
2
22
5
32
-7
19
-37
-1
-68
-14
-74
-4
-58
23
-25
51
0
60
5
45
-3
20
-10
4
-1
0
18
0
32
-10
31
-33
15
-61
1
-74
3
-63
20
-36
43
-8
51
3
40
0
19
-5
3
-3
0
5
4
14
6
12
-1
-5
-14
-26
-22
-36
-14
-29
6
-12
28
0
37
3
29
-2
15
-6
3
-2
0
9
0
17
-3
16
-13
4
-25
-8
-28
-13
-19
-8
-1
1
14
6
21
4
17
-1
8
-4
1
0
0
7
0
12
-3
9
-9
0
-15
-8
-15
-11
-6
-7
5
-1
14
1
15
0
10
-2
3
-2
0
0
0
4
1
4
1
0
0
-7
-2
-12
-1
-11
2
-7
7
-2
8
0
6
1
2
0
0
0
0
0
1
0
3
0
2
-2
1
-4
0
-4
-1
-2
-1
0
0
2
0
2
0
1
0
0
0
0
0
0
0
0
0
0
0
0
0
0
0
0
0
0
0
0
0
0
0
0
0
0
0
0
0
0
0
