0
0
0
0
0
0
0
0
0
0
0
0
8913
9004
8504
7451
5902
4007
1930
-266
-2447
-4466
-6183
-7466
-8299
-8627
-8395
-7694
-6529
-4932
-3108
-1087
1080
3097
4927
6524
7650
8351
8622
8294
7455
6176
4458
2439
258
-1938
-4015
-5909
-7459
-8514
-9004
-8937
-8327
-7117
-5420
-3416
-1174
1167
3406
5420
7093
8271
8913
9004
8504
7451
5902
4007
1930
-266
-2447
-4466
-6183
-7466
-8299
-8627
-8395
-7694
-6529
-4932
-3108
-1087
1080
3097
4927
6524
7650
8351
8622
8294
7455
6176
4458
2439
258
-1938
-4015
-5909
-7459
-8514
-9004
-8937
-8327
-7117
-5420
-3416
-1174
1167
3406
5420
7093
8271
8913
9004
8504
7451
5902
4007
1930
-266
-2447
-4466
-6183
-7466
-8299
-8627
-8395
-7694
-6529
-4932
-3108
-1087
1080
3097
4927
6524
7650
8351
8622
8294
7455
6176
4458
2439
258
-1938
-4015
-5909
-7459
-8514
-9004
-8937
-8327
-7117
-5420
-3416
-1174
1167
3406
5420
7093
8271
8913
9004
8504
7451
5902
4007
1930
-266
-2447
-4466
-6183
-7466
-8299
-8627
-8395
-7694
-6529
-4932
-3108
-1087
1080
3097
4927
6524
7650
8351
8622
8294
7455
6176
4458
2439
258
-1938
-4015
-5909
-7459
-8514
-9004
-8937
-8327
-7117
-5420
-3416
-1174
1167
3406
5420
7093
8271
8913
9004
8504
7451
5902
4007
1930
-266
-2447
-4466
-6183
-7466
-8299
-8627
-8395
-7694
-6529
-4932
-3108
-1087
1080
3097
4927
6524
7650
8351
8622
8294
7455
6176
4458
2439
258
-1938
-4015
-5909
-7459
-8514
-9004
-8937
-8327
-7117
-5420
-3416
-1174
1167
3406
5420
7093
8271
8913
9004
8504
7451
5902
4007
1930
-266
-2447
-4466
-6183
-7466
-8299
-8627
-8395
-7694
-6529
-4932
-3108
-1087
1080
3097
4927
6524
7650
8351
8622
8294
7455
6176
4458
2439
258
-1938
-4015
-5909
-7459
-8514
-9004
-8937
-8327
-7117
-5420
-3416
-1174
1167
3406
5420
7093
8271
8913
9004
8504
7451
5902
4007
1930
-266
-2447
-4466
-6183
-7466
-8299
-8627
-8395
-7694
-6529
-4932
-3108
-1087
1080
3097
4927
6524
7650
8351
8622
8294
7455
6176
4458
2439
258
-1938
-4015
-5909
-7459
-8514
-9004
-8937
-8327
-7117
-5420
-3416
-1174
1167
3406
5420
7093
8271
8913
9004
8504
7451
5902
4007
1930
-266
-2447
-4466
-6183
-7466
-8299
-8627
-8395
-7694
-6529
-4932
-3108
-1087
1080
3097
4927
6524
7650
8351
8622
8294
7455
6176
4458
2439
258
-1938
-4015
-5909
-7459
-8514
-9004
-8937
-8327
-7117
-5420
-3416
-1174
1167
3406
5420
7093
8271
8913
9004
8504
7451
5902
4007
1930
-266
-2447
-4466
-6183
-7466
-8299
-8627
-8395
-7694
-6529
-4932
-3108
-1087
1080
3097
4927
6524
7650
8351
8622
8294
7455
6176
4458
2439
258
-1938
-4015
-5909
-7459
-8514
-9004
-8937
-8327
-7117
-5420
-3416
-1174
1167
3406
5420
7093
8271
8913
9004
8504
7451
5902
4007
1930
-266
-2447
-4466
-6183
-7466
-8299
-8627
-8395
-7694
-6529
-4932
-3108
-1087
1080
3097
4927
6524
7650
8351
8622
8294
7455
6176
4458
2439
258
-1938
-4015
-5909
-7459
-8514
-9004
-8937
-8327
-7117
-5420
-3416
-1174
1167
3406
5420
7093
