0
0
0
0
0
0
0
0
0
0
0
0
0
0
0
0
0
0
0
0
0
0
0
0
0
0
0
0
0
0
0
0
0
0
0
0
0
0
0
0
0
0
0
-1
0
-1
0
-1
0
-1
0
0
-1
0
-1
0
-1
0
-1
0
0
0
0
0
0
0
0
0
-1
0
-1
0
0
0
-1
0
0
0
-1
-1
0
0
0
0
0
-1
0
0
0
0
-1
0
0
0
-1
0
-1
-1
0
-1
0
0
0
-1
-1
-1
0
0
-1
-1
0
0
-1
0
0
-1
0
0
0
0
-1
0
0
0
-1
-1
0
0
-1
-1
-1
-1
0
-1
0
-1
0
0
-1
-1
0
0
-1
-1
-1
-1
0
0
0
-1
-1
-1
0
-2
0
0
-1
-1
0
0
0
0
-1
0
-1
-1
0
0
-1
-1
0
0
-1
-1
0
0
0
-1
0
0
-1
0
0
0
0
1
0
-1
0
-1
-1
0
-1
0
0
0
-1
-1
-1
0
0
-1
-1
0
0
-1
-1
0
-1
-1
0
0
0
0
0
-1
0
0
0
-1
0
-1
0
0
0
0
0
0
-1
-1
-1
-1
-2
-1
-2
0
-1
1
0
2
0
1
-2
-1
-4
-2
-3
-1
-1
3
1
4
1
2
-1
-2
-4
-4
-5
-2
-1
1
3
5
5
3
3
-2
-2
-8
-6
-8
-3
-3
4
5
9
7
7
1
-2
-6
-10
-9
-10
-4
-1
6
7
12
9
7
1
-4
-9
-12
-12
-11
-5
0
8
10
14
10
7
1
-7
-12
-15
-14
-12
-4
2
10
14
15
13
7
0
-9
-15
-19
-16
-12
-4
5
12
18
17
14
6
-2
-11
-18
-20
-18
-11
-3
7
15
19
19
14
5
-5
-13
-19
-20
-17
-10
-1
10
17
20
19
13
4
-6
-15
-20
-21
-17
-8
2
11
18
20
18
11
2
-8
-17
-21
-20
-16
-6
3
12
19
20
16
9
0
-9
-17
-22
-20
-14
-4
6
14
19
20
17
9
-2
-12
-19
-22
-19
-12
-2
8
16
20
20
14
6
-5
-14
-19
-22
-19
-10
0
10
17
20
19
12
3
-6
-15
-21
-21
-18
-9
2
11
18
20
17
10
2
-8
-16
-22
-22
-16
-5
6
13
18
18
14
9
1
-8
-17
-22
-24
-16
-3
9
18
20
16
12
7
1
-7
-18
-25
-25
-15
1
14
19
18
13
9
7
2
-8
-20
-28
-25
-12
6
18
20
15
10
8
7
3
-8
-22
-31
-26
-8
11
22
21
12
5
7
8
3
-10
-26
-34
-25
-4
16
24
20
9
2
6
10
4
-12
-30
-36
-23
2
22
24
16
4
2
7
12
3
-16
-34
-36
-19
7
25
26
13
1
0
9
13
2
-20
-33
-36
-14
13
30
24
9
-2
1
12
12
-1
-25
-36
-31
-9
18
29
22
6
-2
4
12
13
-6
-26
-38
-28
-1
21
30
19
4
-2
6
13
11
-11
-33
-40
-26
3
26
29
16
1
-2
8
15
7
-15
-37
-40
-20
8
28
27
12
0
0
10
13
4
-21
-34
-32
-15
16
29
25
9
-2
2
12
13
-1
-24
-39
-34
-8
19
30
22
5
-3
3
13
13
-6
-29
-41
-27
-2
22
30
18
4
-2
6
14
9
-10
-30
-41
-26
3
27
29
15
1
-2
8
14
7
-17
-32
-35
-21
10
27
27
12
0
0
9
15
3
-19
-38
-37
-14
14
29
25
9
-1
2
11
13
-1
-23
-38
-35
-9
19
31
22
6
-2
4
12
13
-6
-26
-37
-31
-2
22
29
19
4
-1
5
15
9
-9
-34
-37
-21
2
27
29
15
1
-1
8
14
7
-16
-33
-35
-20
9
28
28
13
-1
0
10
15
4
-21
-35
-33
-15
15
29
25
8
-1
1
12
14
-1
-25
-34
-31
-8
18
30
22
6
-2
3
13
12
-5
-28
-42
-30
-2
22
30
19
4
-2
5
15
10
-10
-35
-37
-22
2
27
28
16
1
-2
8
15
7
-15
-35
-35
-18
9
28
27
13
-1
0
11
15
3
-19
-39
-37
-15
13
30
24
8
-3
1
12
14
0
-24
-33
-34
-8
19
30
22
6
-2
3
13
12
-5
-28
-41
-30
-3
22
30
19
4
-1
6
14
9
-10
-33
-40
-25
3
26
28
15
1
-2
7
14
8
-16
-32
-35
-21
10
28
28
12
-1
0
10
14
3
-20
-38
-37
-15
15
30
25
9
-1
1
11
14
-1
-24
-34
-29
-9
18
30
22
6
-2
3
13
12
-5
-28
-34
-27
-2
23
30
19
3
-3
5
13
9
-10
-32
-40
-25
4
25
27
15
2
-1
7
13
7
-15
-31
-34
-19
8
24
24
10
0
0
8
12
3
-17
-32
-31
-11
11
23
20
7
-1
0
8
10
-1
-19
-29
-24
-7
12
20
14
4
-1
2
8
7
-3
-17
-24
-17
-1
13
16
9
1
-2
2
6
4
-5
-15
-18
-11
1
11
12
6
0
-1
3
5
2
-6
-12
-13
-6
3
8
7
3
0
0
2
3
0
-5
-8
-8
-3
2
5
4
1
-1
0
1
2
0
-3
-5
-4
-1
1
2
1
0
-1
0
0
0
-1
-2
-2
-2
0
0
0
0
0
-1
0
0
