0
0
0
0
0
0
0
0
0
0
0
0
0
0
0
0
0
0
0
0
0
0
0
0
0
0
0
0
0
0
0
0
0
0
0
0
0
0
0
0
0
0
0
0
0
0
0
0
0
0
0
0
0
0
0
0
0
0
0
0
0
0
0
0
0
0
0
0
0
0
0
0
0
0
0
0
0
0
0
0
0
0
0
0
0
0
0
0
0
0
0
0
0
0
0
0
0
0
0
0
0
0
0
0
0
0
0
0
0
0
0
0
0
0
0
0
0
0
0
0
0
0
0
0
0
0
0
0
0
0
0
0
0
0
0
0
0
0
0
0
0
0
0
0
0
0
0
0
0
0
0
0
0
0
0
0
0
0
-1
-1
0
0
2
2
-8
-8
15
15
45
45
15
15
-5
-5
-6
-6
13
13
53
53
0
0
-54
-54
-13
-13
7
7
0
0
-4
-4
2
2
34
34
28
28
44
44
21
21
-82
-82
-55
-55
14
14
0
0
-3
-3
2
2
0
0
0
0
-1
-1
0
0
1
1
-8
-8
18
18
35
35
33
33
41
41
-19
-19
-44
-44
2
2
3
3
0
0
-15
-15
30
30
93
93
27
27
-12
-12
3
3
-33
-33
-34
-34
-41
-41
-16
-16
39
39
31
31
38
38
22
22
-44
-44
-37
-37
10
10
-10
-10
-52
-52
-18
-18
47
47
32
32
-5
-5
29
29
52
52
-24
-24
-76
-76
-43
-43
-73
-73
-21
-21
85
85
21
21
-23
-23
22
22
39
39
48
48
64
64
33
33
2
2
-15
-15
-44
-44
-19
-19
19
19
-19
-19
-52
-52
24
24
49
49
-41
-41
-44
-44
40
40
72
72
44
44
-30
-30
-36
-36
29
29
-13
-13
-40
-40
16
16
-2
-2
-11
-11
79
79
69
69
-36
-36
-36
-36
-63
-63
-72
-72
3
3
11
11
-13
-13
14
14
56
56
-5
-5
-105
-105
-121
-121
-27
-27
104
104
22
22
-104
-104
-29
-29
21
21
-6
-6
-4
-4
18
18
-30
-30
-93
-93
-27
-27
14
14
-9
-9
34
34
49
49
-31
-31
-22
-22
77
77
73
73
18
18
0
0
-2
-2
3
3
-11
-11
21
21
41
41
10
10
60
60
89
89
-28
-28
-71
-71
-55
-55
-140
-140
-185
-185
-145
-145
-87
-87
12
12
133
133
211
211
250
250
283
283
211
211
4
4
-249
-249
-413
-413
-432
-432
-340
-340
-255
-255
-65
-65
196
196
386
386
514
514
621
621
531
531
254
254
-198
-198
-498
-498
-670
-670
-825
-825
-722
-722
-251
-251
33
33
447
447
948
948
1150
1150
978
978
730
730
252
252
-349
-349
-1030
-1030
-1355
-1355
-1309
-1309
-1000
-1000
-439
-439
196
196
921
921
1534
1534
1711
1711
1484
1484
852
852
-58
-58
-768
-768
-1493
-1493
-1863
-1863
-1769
-1769
-1315
-1315
-446
-446
583
583
1352
1352
1998
1998
2235
2235
1807
1807
958
958
-170
-170
-1266
-1266
-2140
-2140
-2461
-2461
-2258
-2258
-1554
-1554
-362
-362
923
923
1943
1943
2588
2588
2543
2543
1907
1907
953
953
-469
-469
-1826
-1826
-2591
-2591
-2907
-2907
-2644
-2644
-1593
-1593
-152
-152
1340
1340
2499
2499
2993
2993
2887
2887
2172
2172
787
787
-806
-806
-2329
-2329
-3493
-3493
-3601
-3601
-2841
-2841
-1550
-1550
150
150
1889
1889
3185
3185
3591
3591
3230
3230
2126
2126
538
538
-1223
-1223
-2855
-2855
-3770
-3770
-3773
-3773
-2913
-2913
-1371
-1371
542
542
2366
2366
3677
3677
4092
4092
3492
3492
2057
2057
79
79
-1741
-1741
-3190
-3190
-3999
-3999
-3774
-3774
-2788
-2788
-1097
-1097
1043
1043
2894
2894
3971
3971
4105
4105
3341
3341
1867
1867
-93
-93
-2100
-2100
-3493
-3493
-4081
-4081
-3789
-3789
-2510
-2510
-661
-661
1396
1396
3153
3153
4024
4024
4086
4086
3149
3149
1427
1427
-475
-475
-2488
-2488
-3896
-3896
-4166
-4166
-3562
-3562
-2134
-2134
-255
-255
1669
1669
3318
3318
4138
4138
3875
3875
2725
2725
1039
1039
-875
-875
-2637
-2637
-3822
-3822
-4132
-4132
-3399
-3399
-1758
-1758
297
297
2236
2236
3591
3591
4099
4099
3886
3886
2754
2754
750
750
-1404
-1404
-3127
-3127
-4074
-4074
-4121
-4121
-3188
-3188
-1366
-1366
687
687
2471
2471
3766
3766
4223
4223
3625
3625
2152
2152
144
144
-1901
-1901
-3389
-3389
-4180
-4180
-4108
-4108
-2886
-2886
-894
-894
1202
1202
2924
2924
3961
3961
4124
4124
3314
3314
1703
1703
-245
-245
-2143
-2143
-3672
-3672
-4346
-4346
-3990
-3990
-2630
-2630
-593
-593
1496
1496
3196
3196
4072
4072
3915
3915
2948
2948
1381
1381
-545
-545
-2425
-2425
-3865
-3865
-4490
-4490
-3868
-3868
-2043
-2043
205
205
2105
2105
3405
3405
3829
3829
3398
3398
2495
2495
1253
1253
-444
-444
-2424
-2424
-3935
-3935
-4617
-4617
-4017
-4017
-1836
-1836
839
839
2953
2953
3945
3945
3691
3691
2920
2920
2021
2021
985
985
-430
-430
-2501
-2501
-4472
-4472
-5177
-5177
-4102
-4102
-1354
-1354
1729
1729
3538
3538
3883
3883
3249
3249
2255
2255
1675
1675
1141
1141
-366
-366
-2754
-2754
-4895
-4895
-5579
-5579
-3888
-3888
-433
-433
2702
2702
4068
4068
3648
3648
2512
2512
1748
1748
1589
1589
1360
1360
-157
-157
-2993
-2993
-5535
-5535
-6025
-6025
-3590
-3590
502
502
3758
3758
4663
4663
3429
3429
1690
1690
1128
1128
1639
1639
1513
1513
-439
-439
-3651
-3651
-6289
-6289
-6290
-6290
-3086
-3086
1508
1508
4630
4630
4813
4813
2874
2874
1008
1008
820
820
1786
1786
1803
1803
-527
-527
-4284
-4284
-6931
-6931
-6215
-6215
-2012
-2012
2777
2777
5079
5079
4414
4414
2046
2046
291
291
855
855
2373
2373
2052
2052
-984
-984
-5160
-5160
-7533
-7533
-5906
-5906
-1082
-1082
3770
3770
5671
5671
4135
4135
1344
1344
-64
-64
919
919
2618
2618
2031
2031
-1614
-1614
-5964
-5964
-7870
-7870
-5501
-5501
42
42
4899
4899
5927
5927
3527
3527
560
560
-289
-289
1365
1365
2925
2925
1612
1612
-2514
-2514
-6728
-6728
-7835
-7835
-4546
-4546
1229
1229
5489
5489
5712
5712
2949
2949
242
242
-59
-59
1739
1739
2953
2953
1082
1082
-3418
-3418
-7417
-7417
-7656
-7656
-3301
-3301
2500
2500
5811
5811
5270
5270
2196
2196
-185
-185
198
198
2171
2171
2925
2925
385
385
-4432
-4432
-7898
-7898
-7194
-7194
-2323
-2323
3473
3473
6115
6115
4708
4708
1532
1532
-350
-350
579
579
2635
2635
2692
2692
-499
-499
-5282
-5282
-8179
-8179
-6518
-6518
-1096
-1096
4299
4299
6184
6184
4168
4168
981
981
-276
-276
1043
1043
2787
2787
2204
2204
-1474
-1474
-6165
-6165
-8145
-8145
-5404
-5404
298
298
5050
5050
6043
6043
3615
3615
572
572
-205
-205
1484
1484
3021
3021
1840
1840
-2394
-2394
-6934
-6934
-7970
-7970
-4419
-4419
1363
1363
5536
5536
5691
5691
2808
2808
75
75
-185
-185
1705
1705
3059
3059
1172
1172
-3463
-3463
-7521
-7521
-7751
-7751
-3458
-3458
2486
2486
5978
5978
5246
5246
2180
2180
-98
-98
199
199
2238
2238
2926
2926
287
287
-4398
-4398
-7838
-7838
-7151
-7151
-2291
-2291
3470
3470
6215
6215
4831
4831
1557
1557
-372
-372
483
483
2570
2570
2727
2727
-551
-551
-5343
-5343
-8074
-8074
-6320
-6320
-947
-947
4242
4242
6082
6082
4151
4151
945
945
-328
-328
1025
1025
2919
2919
2403
2403
-1463
-1463
-6245
-6245
-8217
-8217
-5468
-5468
298
298
5051
5051
5949
5949
3464
3464
557
557
-77
-77
1504
1504
2948
2948
1739
1739
-2501
-2501
-6896
-6896
-7974
-7974
-4601
-4601
1302
1302
5691
5691
5840
5840
2741
2741
-42
-42
-16
-16
1930
1930
3073
3073
1126
1126
-3526
-3526
-7493
-7493
-7540
-7540
-3329
-3329
2430
2430
5900
5900
5330
5330
2326
2326
-49
-49
187
187
2304
2304
3100
3100
433
433
-4443
-4443
-7993
-7993
-7188
-7188
-2324
-2324
3442
3442
6340
6340
4942
4942
1682
1682
-226
-226
465
465
2411
2411
2662
2662
-463
-463
-5288
-5288
-7973
-7973
-6194
-6194
-1006
-1006
4194
4194
6109
6109
4194
4194
1006
1006
-300
-300
1069
1069
2948
2948
2400
2400
-1432
-1432
-6294
-6294
-8291
-8291
-5434
-5434
313
313
5061
5061
6103
6103
3624
3624
503
503
-344
-344
1286
1286
2915
2915
1785
1785
-2323
-2323
-6728
-6728
-7954
-7954
-4425
-4425
1448
1448
5492
5492
5653
5653
2892
2892
109
109
-144
-144
1843
1843
3048
3048
1181
1181
-3253
-3253
-7432
-7432
-7675
-7675
-3290
-3290
2444
2444
5839
5839
5319
5319
2302
2302
-66
-66
184
184
2262
2262
3118
3118
395
395
-4550
-4550
-7993
-7993
-7290
-7290
-2394
-2394
3461
3461
6212
6212
4925
4925
1693
1693
-404
-404
462
462
2664
2664
2870
2870
-323
-323
-5281
-5281
-8263
-8263
-6480
-6480
-1024
-1024
4321
4321
6270
6270
4365
4365
1068
1068
-412
-412
957
957
2886
2886
2389
2389
-1254
-1254
-6085
-6085
-8261
-8261
-5617
-5617
31
31
4978
4978
6141
6141
3600
3600
467
467
-387
-387
1233
1233
2886
2886
1780
1780
-2371
-2371
-6725
-6725
-7818
-7818
-4448
-4448
1324
1324
5507
5507
5626
5626
2815
2815
203
203
36
36
1892
1892
3024
3024
1112
1112
-3414
-3414
-7488
-7488
-7730
-7730
-3466
-3466
2448
2448
6042
6042
5402
5402
2215
2215
-154
-154
114
114
2063
2063
2854
2854
412
412
-4303
-4303
-7763
-7763
-6993
-6993
-2237
-2237
3414
3414
6161
6161
4799
4799
1658
1658
-119
-119
650
650
2580
2580
2863
2863
-336
-336
-5394
-5394
-8270
-8270
-6455
-6455
-1002
-1002
4407
4407
6334
6334
4366
4366
1113
1113
-318
-318
944
944
2801
2801
2261
2261
-1537
-1537
-6142
-6142
-8092
-8092
-5554
-5554
252
252
5213
5213
6056
6056
3417
3417
421
421
-396
-396
1206
1206
2936
2936
1758
1758
-2507
-2507
-6766
-6766
-7836
-7836
-4525
-4525
1287
1287
5528
5528
5655
5655
2841
2841
185
185
-154
-154
1595
1595
2921
2921
1152
1152
-3427
-3427
-7479
-7479
-7671
-7671
-3418
-3418
2505
2505
6009
6009
5270
5270
2137
2137
-199
-199
29
29
1989
1989
2735
2735
278
278
-4235
-4235
-7682
-7682
-7036
-7036
-2178
-2178
3271
3271
5710
5710
4496
4496
1537
1537
-215
-215
589
589
2413
2413
2562
2562
-363
-363
-4856
-4856
-7399
-7399
-5729
-5729
-823
-823
3926
3926
5486
5486
3691
3691
934
934
-213
-213
807
807
2290
2290
1880
1880
-1223
-1223
-5112
-5112
-6721
-6721
-4474
-4474
113
113
3860
3860
4692
4692
2856
2856
523
523
-207
-207
942
942
2192
2192
1316
1316
-1826
-1826
-4912
-4912
-5526
-5526
-3132
-3132
835
835
3754
3754
3871
3871
1902
1902
85
85
8
8
1169
1169
1818
1818
639
639
-2122
-2122
-4442
-4442
-4423
-4423
-1959
-1959
1364
1364
3229
3229
2705
2705
1017
1017
-122
-122
-1
-1
873
873
1278
1278
205
205
-1962
-1962
-3529
-3529
-3121
-3121
-939
-939
1471
1471
2539
2539
1958
1958
667
667
-95
-95
187
187
877
877
921
921
-181
-181
-1769
-1769
-2570
-2570
-1934
-1934
-301
-301
1199
1199
1722
1722
1223
1223
333
333
-84
-84
210
210
639
639
519
519
-290
-290
-1264
-1264
-1616
-1616
-1016
-1016
96
96
927
927
1031
1031
574
574
61
61
-93
-93
124
124
330
330
217
217
-246
-246
-757
-757
-859
-859
-441
-441
152
152
478
478
415
415
165
165
-7
-7
-19
-19
75
75
177
177
86
86
-140
-140
-274
-274
-265
-265
-125
-125
62
62
144
144
98
98
27
27
-2
-2
1
1
1
1
-1
-1
0
0
0
0
