0
0
0
0
0
0
47
47
60
60
-1523
-1523
-3558
-3558
-2971
-2971
-52
-52
3138
3138
4443
4443
2992
2992
-106
-106
-2565
-2565
-2604
-2604
-155
-155
3169
3169
5112
5112
4302
4302
1439
1439
-1390
-1390
-2167
-2167
-256
-256
3068
3068
5518
5518
5412
5412
2886
2886
-177
-177
-1561
-1561
-287
-287
2869
2869
5756
5756
6324
6324
4236
4236
1072
1072
-916
-916
-314
-314
2573
2573
5763
5763
7005
7005
5487
5487
2325
2325
-167
-167
-237
-237
2215
2215
5539
5539
7387
7387
6509
6509
3549
3549
655
655
-120
-120
1794
1794
5087
5087
7472
7472
7269
7269
4645
4645
1483
1483
36
36
1346
1346
4505
4505
7294
7294
7765
7765
5611
5611
2317
2317
265
265
903
903
3762
3762
6853
6853
7964
7964
6349
6349
3123
3123
568
568
467
467
2890
2890
6150
6150
7867
7867
6858
6858
3834
3834
911
911
105
105
1956
1956
5185
5185
7473
7473
7139
7139
4418
4418
1226
1226
-251
-251
996
996
4091
4091
6784
6784
7124
7124
4839
4839
1482
1482
-567
-567
42
42
2836
2836
5830
5830
6843
6843
5131
5131
1840
1840
-744
-744
-842
-842
1516
1516
4647
4647
6298
6298
5193
5193
2071
2071
-883
-883
-1686
-1686
135
135
3299
3299
5489
5489
5057
5057
2271
2271
-952
-952
-2426
-2426
-1178
-1178
1853
1853
4480
4480
4754
4754
2406
2406
-952
-952
-3030
-3030
-2421
-2421
342
342
3272
3272
4217
4217
2409
2409
-882
-882
-3465
-3465
-3594
-3594
-1203
-1203
1930
1930
3514
3514
2343
2343
-779
-779
-3733
-3733
-4533
-4533
-2647
-2647
486
486
2609
2609
2143
2143
-675
-675
-3899
-3899
-5338
-5338
-4023
-4023
-992
-992
1567
1567
1807
1807
-507
-507
-3832
-3832
-5911
-5911
-5269
-5269
-2440
-2440
489
489
1401
1401
-377
-377
-3668
-3668
-6219
-6219
-6249
-6249
-3791
-3791
-661
-661
890
890
-250
-250
-3373
-3373
-6328
-6328
-7032
-7032
-5044
-5044
-1815
-1815
307
307
-161
-161
-2950
-2950
-6173
-6173
-7517
-7517
-6101
-6101
-2973
-2973
-382
-382
-145
-145
-2463
-2463
-5755
-5755
-7704
-7704
-6963
-6963
-4071
-4071
-1077
-1077
-101
-101
-1882
-1882
-5175
-5175
-7630
-7630
-7561
-7561
-5006
-5006
-1778
-1778
-164
-164
-1308
-1308
-4400
-4400
-7225
-7225
-7830
-7830
-5779
-5779
-2486
-2486
-301
-301
-738
-738
-3463
-3463
-6590
-6590
-7869
-7869
-6357
-6357
-3132
-3132
-477
-477
-176
-176
-2431
-2431
-5693
-5693
-7579
-7579
-6706
-6706
-3683
-3683
-659
-659
313
313
-1405
-1405
-4600
-4600
-6958
-6958
-6791
-6791
-4139
-4139
-882
-882
730
730
-317
-317
-3312
-3312
-6106
-6106
-6614
-6614
-4433
-4433
-1108
-1108
1107
1107
732
732
-1961
-1961
-4991
-4991
-6139
-6139
-4563
-4563
-1306
-1306
1412
1412
1711
1711
-547
-547
-3712
-3712
-5464
-5464
-4495
-4495
-1473
-1473
1581
1581
2584
2584
866
866
-2267
-2267
-4557
-4557
-4293
-4293
-1609
-1609
1648
1648
3289
3289
2209
2209
-755
-755
-3450
-3450
-3892
-3892
-1679
-1679
1679
1679
3892
3892
3450
3450
755
755
-2209
-2209
-3289
-3289
-1648
-1648
1609
1609
4293
4293
4557
4557
2267
2267
-866
-866
-2584
-2584
-1581
-1581
1473
1473
4495
4495
5464
5464
3712
3712
547
547
-1711
-1711
-1412
-1412
1306
1306
4563
4563
6139
6139
4991
4991
1961
1961
-732
-732
-1107
-1107
1108
1108
4433
4433
6614
6614
6106
6106
3312
3312
317
317
-730
-730
882
882
4139
4139
6791
6791
6958
6958
4600
4600
1405
1405
-313
-313
659
659
3683
3683
6706
6706
7579
7579
5693
5693
2431
2431
176
176
477
477
3132
3132
6357
6357
7869
7869
6590
6590
3463
3463
738
738
301
301
2486
2486
5779
5779
7830
7830
7225
7225
4400
4400
1308
1308
164
164
1778
1778
5006
5006
7561
7561
7630
7630
5175
5175
1882
1882
101
101
1077
1077
4071
4071
6963
6963
7704
7704
5755
5755
2463
2463
145
145
382
382
2973
2973
6101
6101
7517
7517
6173
6173
2950
2950
161
161
-307
-307
1815
1815
5044
5044
7032
7032
6328
6328
3373
3373
250
250
-890
-890
661
661
3791
3791
6249
6249
6219
6219
3668
3668
377
377
-1401
-1401
-489
-489
2440
2440
5269
5269
5911
5911
3832
3832
507
507
-1807
-1807
-1567
-1567
992
992
4023
4023
5338
5338
3899
3899
675
675
-2143
-2143
-2609
-2609
-486
-486
2647
2647
4533
4533
3733
3733
779
779
-2343
-2343
-3514
-3514
-1930
-1930
1203
1203
3594
3594
3465
3465
882
882
-2409
-2409
-4217
-4217
-3272
-3272
-342
-342
2421
2421
3030
3030
952
952
-2406
-2406
-4754
-4754
-4480
-4480
-1853
-1853
1178
1178
2426
2426
952
952
-2271
-2271
-5057
-5057
-5489
-5489
-3299
-3299
-135
-135
1686
1686
883
883
-2071
-2071
-5193
-5193
-6298
-6298
-4647
-4647
-1516
-1516
842
842
744
744
-1840
-1840
-5131
-5131
-6843
-6843
-5830
-5830
-2836
-2836
-42
-42
567
567
-1482
-1482
-4839
-4839
-7124
-7124
-6784
-6784
-4091
-4091
-996
-996
251
251
-1226
-1226
-4418
-4418
-7139
-7139
-7473
-7473
-5185
-5185
-1956
-1956
-105
-105
-911
-911
-3834
-3834
-6858
-6858
-7867
-7867
-6150
-6150
-2890
-2890
-467
-467
-568
-568
-3123
-3123
-6349
-6349
-7964
-7964
-6853
-6853
-3762
-3762
-903
-903
-265
-265
-2317
-2317
-5611
-5611
-7765
-7765
-7294
-7294
-4505
-4505
-1346
-1346
-36
-36
-1483
-1483
-4645
-4645
-7269
-7269
-7472
-7472
-5087
-5087
-1794
-1794
120
120
-655
-655
-3549
-3549
-6509
-6509
-7387
-7387
-5539
-5539
-2215
-2215
237
237
167
167
-2325
-2325
-5487
-5487
-7005
-7005
-5763
-5763
-2573
-2573
314
314
916
916
-1072
-1072
-4236
-4236
-6324
-6324
-5756
-5756
-2869
-2869
287
287
1561
1561
177
177
-2886
-2886
-5412
-5412
-5518
-5518
-3068
-3068
256
256
2167
2167
1390
1390
-1439
-1439
-4302
-4302
-5112
-5112
-3169
-3169
155
155
2604
2604
2565
2565
106
106
-2992
-2992
-4443
-4443
-3138
-3138
52
52
2971
2971
3605
3605
1583
1583
-1583
-1583
-3605
-3605
-2971
-2971
-52
-52
3138
3138
4443
4443
