0
0
0
0
0
0
94
94
26
26
-1944
-1944
-6928
-6928
-6558
-6558
-1096
-1096
5590
5590
8932
8932
6754
6754
642
642
-4782
-4782
-5674
-5674
-1252
-1252
5464
5464
10060
10060
9214
9214
3736
3736
-2268
-2268
-4606
-4606
-1424
-1424
5170
5170
10650
10650
11236
11236
6632
6632
260
260
-3218
-3218
-1362
-1362
4680
4680
10926
10926
12868
12868
9270
9270
2852
2852
-1724
-1724
-1304
-1304
4066
4066
10754
10754
14022
14022
11650
11650
5476
5476
-100
-100
-958
-958
3352
3352
10186
10186
14548
14548
13572
13572
7930
7930
1746
1746
-576
-576
2610
2610
9166
9166
14510
14510
14930
14930
10102
10102
3568
3568
-84
-84
1828
1828
7926
7926
13992
13992
15714
15714
11988
11988
5368
5368
560
560
1096
1096
6426
6426
12936
12936
15942
15942
13356
13356
7062
7062
1364
1364
420
420
4702
4702
11400
11400
15554
15554
14262
14262
8508
8508
2242
2242
-112
-112
2944
2944
9372
9372
14548
14548
14706
14706
9666
9666
3054
3054
-628
-628
1154
1154
7124
7124
13024
13024
14482
14482
10502
10502
3712
3712
-1080
-1080
-578
-578
4616
4616
10960
10960
13742
13742
10998
10998
4522
4522
-1194
-1194
-2192
-2192
2070
2070
8444
8444
12478
12478
11022
11022
5048
5048
-1296
-1296
-3640
-3640
-620
-620
5672
5672
10680
10680
10616
10616
5456
5456
-1240
-1240
-4910
-4910
-3130
-3130
2764
2764
8472
8472
9862
9862
5700
5700
-1082
-1082
-5904
-5904
-5460
-5460
-242
-242
5908
5908
8616
8616
5652
5652
-868
-868
-6522
-6522
-7614
-7614
-3308
-3308
3122
3122
7012
7012
5430
5430
-594
-594
-6876
-6876
-9272
-9272
-6118
-6118
186
186
4996
4996
4902
4902
-350
-350
-7040
-7040
-10664
-10664
-8750
-8750
-2810
-2810
2754
2754
4056
4056
-58
-58
-6746
-6746
-11574
-11574
-11088
-11088
-5738
-5738
458
458
3068
3068
142
142
-6320
-6320
-11994
-11994
-12850
-12850
-8422
-8422
-1950
-1950
1842
1842
300
300
-5670
-5670
-12010
-12010
-14230
-14230
-10844
-10844
-4388
-4388
526
526
306
306
-4792
-4792
-11542
-11542
-14992
-14992
-12848
-12848
-6752
-6752
-1046
-1046
182
182
-3876
-3876
-10580
-10580
-15136
-15136
-14432
-14432
-8964
-8964
-2640
-2640
92
92
-2790
-2790
-9312
-9312
-14810
-14810
-15440
-15440
-10852
-10852
-4158
-4158
-252
-252
-1750
-1750
-7740
-7740
-13808
-13808
-15810
-15810
-12306
-12306
-5724
-5724
-688
-688
-820
-820
-5846
-5846
-12372
-12372
-15698
-15698
-13390
-13390
-7074
-7074
-1248
-1248
106
106
-3830
-3830
-10448
-10448
-14932
-14932
-13956
-13956
-8236
-8236
-1780
-1780
880
880
-1864
-1864
-8218
-8218
-13494
-13494
-13962
-13962
-9156
-9156
-2388
-2388
1514
1514
132
132
-5578
-5578
-11624
-11624
-13452
-13452
-9692
-9692
-2972
-2972
2032
2032
2088
2088
-2908
-2908
-9260
-9260
-12326
-12326
-9844
-9844
-3500
-3500
2452
2452
3852
3852
-146
-146
-6584
-6584
-10800
-10800
-9616
-9616
-3852
-3852
2576
2576
5388
5388
2580
2580
-3640
-3640
-8780
-8780
-9086
-9086
-4138
-4138
2564
2564
6556
6556
5132
5132
-594
-594
-6404
-6404
-8110
-8110
-4262
-4262
2490
2490
7542
7542
7458
7458
2412
2412
-3798
-3798
-6730
-6730
-4124
-4124
2268
2268
8116
8116
9478
9478
5390
5390
-1004
-1004
-5122
-5122
-3902
-3902
1952
1952
8336
8336
11050
11050
8206
8206
1896
1896
-3200
-3200
-3406
-3406
1576
1576
8330
8330
12182
12182
10624
10624
4772
4772
-1080
-1080
-2646
-2646
1254
1254
7904
7904
12922
12922
12700
12700
7488
7488
1140
1140
-1688
-1688
882
882
7216
7216
13084
13084
14214
14214
9998
9998
3486
3486
-684
-684
562
562
6266
6266
12714
12714
15250
15250
12138
12138
5618
5618
484
484
340
340
5188
5188
11852
11852
15630
15630
13804
13804
7740
7740
1804
1804
174
174
3928
3928
10602
10602
15348
15348
14914
14914
9618
9618
3160
3160
54
54
2644
2644
8942
8942
14638
14638
15544
15544
11168
11168
4434
4434
150
150
1352
1352
7078
7078
13250
13250
15530
15530
12246
12246
5702
5702
438
438
168
168
4888
4888
11386
11386
14946
14946
12996
12996
6770
6770
654
654
-1002
-1002
2622
2622
9170
9170
13790
13790
13184
13184
7632
7632
1040
1040
-1994
-1994
458
458
6588
6588
12062
12062
12804
12804
8214
8214
1440
1440
-2780
-2780
-1716
-1716
3882
3882
9928
9928
12036
12036
8496
8496
1814
1814
-3374
-3374
-3702
-3702
1038
1038
7302
7302
10694
10694
8532
8532
2258
2258
-3826
-3826
-5596
-5596
-1852
-1852
4458
4458
8908
8908
8088
8088
2494
2494
-4036
-4036
-7164
-7164
-4668
-4668
1520
1520
6848
6848
7424
7424
2692
2692
-4016
-4016
-8328
-8328
-7220
-7220
-1568
-1568
4338
4338
6358
6358
2824
2824
-3898
-3898
-9180
-9180
-9458
-9458
-4582
-4582
1728
1728
4978
4978
2724
2724
-3540
-3540
-9586
-9586
-11256
-11256
-7438
-7438
-986
-986
3322
3322
2446
2446
-3086
-3086
-9674
-9674
-12660
-12660
-10036
-10036
-3804
-3804
1426
1426
2042
2042
-2636
-2636
-9400
-9400
-13538
-13538
-12240
-12240
-6526
-6526
-474
-474
1480
1480
-1962
-1962
-8684
-8684
-13892
-13892
-13978
-13978
-9034
-9034
-2540
-2540
696
696
-1562
-1562
-7788
-7788
-13698
-13698
-15200
-15200
-11160
-11160
-4588
-4588
-198
-198
-1084
-1084
-6576
-6576
-12990
-12990
-15758
-15758
-13006
-13006
-6574
-6574
-1108
-1108
-570
-570
-5152
-5152
-11842
-11842
-15752
-15752
-14292
-14292
-8358
-8358
-2186
-2186
-152
-152
-3602
-3602
-10246
-10246
-15184
-15184
-15014
-15014
-9858
-9858
-3244
-3244
114
114
-2060
-2060
-8254
-8254
-13990
-13990
-15230
-15230
-10976
-10976
-4284
-4284
228
228
-572
-572
-6036
-6036
-12314
-12314
-14874
-14874
-11806
-11806
-5262
-5262
286
286
856
856
-3596
-3596
-10158
-10158
-13900
-13900
-12178
-12178
-6028
-6028
214
214
2202
2202
-1224
-1224
-7542
-7542
-12360
-12360
-12024
-12024
-6650
-6650
0
0
3256
3256
1164
1164
-4798
-4798
-10372
-10372
-11392
-11392
-7018
-7018
-242
-242
4258
4258
3458
3458
-1926
-1926
-7978
-7978
-10408
-10408
-7184
-7184
-534
-534
4886
4886
5616
5616
1138
1138
-5230
-5230
-8902
-8902
-6998
-6998
-858
-858
5422
5422
7500
7500
4028
4028
-2346
-2346
-7022
-7022
-6558
-6558
-1096
-1096
5590
5590
8932
8932
