0
0
-27
-226
1206
3739
3943
1503
-1704
-3498
-2403
822
3971
4883
2961
-300
-2591
-2225
616
4010
5652
4332
1143
-1566
-1899
389
3893
6102
5533
2613
-417
-1491
193
3614
6366
6530
3997
716
-1019
21
3244
6402
7195
5271
1884
-419
-56
2795
6141
7661
6271
3018
246
-161
2187
5644
7801
7108
4124
961
-132
1618
5001
7639
7672
5073
1661
-87
958
4135
7172
7901
5851
2391
90
333
3184
6412
7872
6355
3028
253
-208
2081
5482
7522
6699
3643
411
-681
1020
4283
6857
6765
4097
615
-1133
-143
2975
5956
6567
4381
908
-1465
-1087
1596
4826
6097
4574
1118
-1673
-2069
182
3468
5371
4542
1357
-1821
-2976
-1209
2010
4465
4300
1556
-1867
-3675
-2620
453
3309
3909
1659
-1819
-4195
-3820
-1064
2052
3316
1722
-1672
-4521
-4932
-2556
686
2596
1630
-1441
-4676
-5772
-4007
-718
1681
1506
-1176
-4665
-6363
-5241
-2088
719
1246
-954
-4433
-6752
-6316
-3490
-367
892
-643
-4038
-6836
-7121
-4740
-1368
487
-422
-3498
-6682
-7657
-5821
-2462
-61
-170
-2920
-6300
-7939
-6691
-3475
-536
4
-2200
-5628
-7893
-7340
-4389
-1126
154
-1448
-4804
-7483
-7703
-5196
-1751
102
-687
-3763
-6829
-7744
-5782
-2354
116
1
-2634
-5953
-7466
-6149
-2863
76
670
-1481
-4791
-6926
-6300
-3274
-73
1249
-234
-3520
-6142
-6244
-3596
-205
1775
860
-2117
-5066
-5845
-3807
-375
2161
1983
-608
-3803
-5311
-3870
-578
2427
3031
813
-2457
-4471
-3769
-744
2586
3865
2311
-932
-3493
-3525
-874
2584
4503
3645
677
-2337
-3069
-965
2478
5022
4787
2121
-1028
-2469
-1017
2283
5231
5761
3596
337
-1740
-979
1991
5324
6546
4930
1610
-902
-855
1685
5138
7004
6024
2973
11
-708
1340
4787
7209
6974
4187
960
-425
974
4278
7176
7592
5299
1891
-69
578
3615
6840
7937
6249
2872
236
202
2801
6213
7961
6916
3740
709
-80
1968
5361
7729
7371
4520
1162
-230
1113
4364
7139
7491
5068
1658
-426
217
3202
6308
7341
5526
2068
-515
-528
1965
5248
6930
5760
2509
-530
-1306
629
3960
6203
5781
2793
-512
-1960
-613
2582
5303
5530
3032
-383
-2532
-1822
1048
4156
5068
3181
-282
-2926
-2944
-446
2784
4404
3165
-89
-3197
-3923
-1915
1373
3560
3001
65
-3298
-4754
-3343
-200
2521
2680
247
-3297
-5336
-4621
-1672
1318
2213
387
-3134
-5724
-5749
-3120
62
1679
435
-2824
-5873
-6605
-4478
-1111
1021
521
-2479
-5793
-7197
-5659
-2435
230
447
-2055
-5483
-7525
-6696
-3618
-543
298
-1547
-4952
-7545
-7386
-4754
-1372
135
-1058
-4331
-7267
-7871
-5672
-2241
-42
-541
-3487
-6747
-8028
-6427
-3077
-338
-118
-2567
-5942
-7866
-6907
-3758
-619
289
-1556
-4912
-7385
-7161
-4399
-1015
616
-573
-3794
-6611
-7151
-4826
-1320
887
375
-2458
-5657
-6818
-5086
-1652
1033
1233
-1105
-4417
-6215
-5186
-1961
1117
2073
286
-3007
-5424
-5076
-2238
1156
2785
1583
-1518
-4333
-4747
-2411
1094
3365
2792
8
-3133
-4228
-2423
946
3749
3970
1503
-1704
-3498
-2403
