0
814
612
1562
-101
850
-1568
18
-2048
424
-999
1538
189
1669
111
324
-749
-1065
-738
-1065
617
-148
1886
22
1649
-1050
414
-1976
-112
-1383
617
170
1260
933
485
324
-1123
-329
-1808
303
-999
1660
-49
2017
-333
850
-1336
-436
-1386
-420
0
420
1386
436
1336
-850
333
-2017
49
-1660
999
-303
1808
329
1123
-324
-485
-933
-1260
-170
-617
1383
112
1976
-414
1050
-1649
-22
-1886
148
-617
1065
738
1065
749
-324
-111
-1669
-189
-1538
999
-424
2047
-18
1568
-850
101
-1562
-612
-814
0
814
612
1562
-101
850
-1568
18
-2048
424
-999
1538
189
1669
111
324
-749
-1065
-738
-1065
617
-148
1886
22
1649
-1050
414
-1976
-112
-1383
617
170
1260
933
485
324
-1123
-329
-1808
303
-999
1660
-49
2017
-333
850
-1336
-436
-1386
-420
0
420
1386
436
1336
-850
333
-2017
49
-1660
999
-303
1808
329
1123
-324
-485
-933
-1260
-170
-617
1383
112
1976
-414
1050
-1649
-22
-1886
148
-617
1065
738
1065
749
-324
-111
-1669
-189
-1538
999
-424
2047
-18
1568
-850
101
-1562
-612
-814
0
814
612
1562
-101
850
-1568
18
-2048
424
-999
1538
189
1669
111
324
-749
-1065
-738
-1065
617
-148
1886
22
1649
-1050
414
-1976
-112
-1383
617
170
1260
933
485
324
-1123
-329
-1808
303
-999
1660
-49
2017
-333
850
-1336
-436
-1386
-420
0
420
1386
436
1336
-850
333
-2017
49
-1660
999
-303
1808
329
1123
-324
-485
-933
-1260
-170
-617
1383
112
1976
-414
1050
-1649
-22
-1886
148
-617
1065
738
1065
749
-324
-111
-1669
-189
-1538
999
-424
2047
-18
1568
-850
101
-1562
-612
-814
0
814
612
1562
-101
850
-1568
18
-2048
424
-999
1538
189
1669
111
324
-749
-1065
-738
-1065
617
-148
1886
22
1649
-1050
414
-1976
-112
-1383
617
170
1260
933
485
324
-1123
-329
-1808
303
-999
1660
-49
2017
-333
850
-1336
-436
-1386
-420
0
420
1386
436
1336
-850
333
-2017
49
-1660
999
-303
1808
329
1123
-324
-485
-933
-1260
-170
-617
1383
112
1976
-414
1050
-1649
-22
-1886
148
-617
1065
738
1065
749
-324
-111
-1669
-189
-1538
999
-424
2047
-18
1568
-850
101
-1562
-612
-814
0
814
612
1562
-101
850
-1568
18
-2048
424
-999
1538
189
1669
111
324
-749
-1065
-738
-1065
617
-148
1886
22
1649
-1050
414
-1976
-112
-1383
617
170
1260
933
485
324
-1123
-329
-1808
303
-999
1660
-49
2017
-333
850
-1336
-436
-1386
-420
0
420
1386
436
1336
-850
333
-2017
49
-1660
999
-303
1808
329
1123
-324
-485
-933
-1260
-170
-617
1383
112
1976
-414
1050
-1649
-22
-1886
148
-617
1065
738
1065
749
-324
-111
-1669
-189
-1538
999
-424
2047
-18
1568
-850
101
-1562
-612
-814
0
814
612
1562
-101
850
-1568
18
-2048
424
-999
1538
189
1669
111
324
-749
-1065
-738
-1065
617
-148
1886
22
1649
-1050
414
-1976
-112
-1383
617
170
1260
933
485
324
-1123
-329
-1808
303
-999
1660
-49
2017
-333
850
-1336
-436
-1386
-420
0
420
1386
436
1336
-850
333
-2017
49
-1660
999
-303
1808
329
1123
-324
-485
-933
-1260
-170
-617
1383
112
1976
-414
1050
-1649
-22
-1886
148
-617
1065
738
1065
749
-324
-111
-1669
-189
-1538
999
-424
2047
-18
1568
-850
101
-1562
-612
-814
0
814
612
1562
-101
850
-1568
18
-2048
424
-999
1538
189
1669
111
324
-749
-1065
-738
-1065
617
-148
1886
22
1649
-1050
414
-1976
-112
-1383
617
170
1260
933
485
324
-1123
-329
-1808
303
-999
1660
-49
2017
-333
850
-1336
-436
-1386
-420
0
420
1386
436
1336
-850
333
-2017
49
-1660
999
-303
1808
329
1123
-324
-485
-933
-1260
-170
-617
1383
112
1976
-414
1050
-1649
-22
-1886
148
-617
1065
738
1065
749
-324
-111
-1669
-189
-1538
999
-424
2047
-18
1568
-850
101
-1562
-612
-814
0
814
612
1562
-101
850
-1568
18
-2048
424
-999
1538
189
1669
111
324
-749
-1065
-738
-1065
617
-148
1886
22
1649
-1050
414
-1976
-112
-1383
617
170
1260
933
485
324
-1123
-329
-1808
303
-999
1660
-49
2017
-333
850
-1336
-436
-1386
-420
0
420
1386
436
1336
-850
333
-2017
49
-1660
999
-303
1808
329
1123
-324
-485
-933
-1260
-170
-617
1383
112
1976
-414
1050
-1649
-22
-1886
148
-617
1065
738
1065
749
-324
-111
-1669
-189
-1538
999
-424
2047
-18
1568
-850
101
-1562
-612
-814
0
814
612
1562
-101
850
-1568
18
-2048
424
-999
1538
189
1669
111
324
-749
-1065
-738
-1065
617
-148
1886
22
1649
-1050
414
-1976
-112
-1383
617
170
1260
933
485
324
-1123
-329
-1808
303
-999
1660
-49
2017
-333
850
-1336
-436
-1386
-420
0
420
1386
436
1336
-850
333
-2017
49
-1660
999
-303
1808
329
1123
-324
-485
-933
-1260
-170
-617
1383
112
1976
-414
1050
-1649
-22
-1886
148
-617
1065
738
1065
749
-324
-111
-1669
-189
-1538
999
-424
2047
-18
1568
-850
101
-1562
-612
-814
0
814
612
1562
-101
850
-1568
18
-2048
424
-999
1538
189
1669
111
324
-749
-1065
-738
-1065
617
-148
1886
22
1649
-1050
414
-1976
-112
-1383
617
170
1260
933
485
324
-1123
-329
-1808
303
-999
1660
-49
2017
-333
850
-1336
-436
-1386
-420
0
420
1386
436
1336
-850
333
-2017
49
-1660
999
-303
1808
329
1123
-324
-485
-933
-1260
-170
-617
1383
112
1976
-414
1050
-1649
-22
-1886
148
-617
1065
738
1065
749
-324
-111
-1669
-189
-1538
999
-424
2047
-18
1568
-850
101
-1562
-612
-814
0
814
612
1562
-101
850
-1568
18
-2048
424
-999
1538
189
1669
111
324
-749
-1065
-738
-1065
617
-148
1886
22
