0
0
0
0
0
0
0
0
0
0
0
0
0
0
0
0
0
0
0
0
0
0
0
0
0
0
0
0
0
0
0
0
0
0
0
0
0
0
0
0
0
0
0
0
0
0
0
0
0
0
0
0
0
0
0
0
0
0
0
0
0
0
0
0
0
0
0
0
0
0
0
0
0
0
0
0
0
0
0
-1
3
-3
-3
36
35
0
-5
-3
38
39
-39
-39
5
2
-2
-7
19
35
31
49
-34
-90
-11
11
-6
1
1
0
0
-1
3
-4
1
33
31
41
18
-46
-19
9
3
-6
-5
73
72
-7
2
-12
-37
-34
-38
17
41
30
41
-13
-53
-10
10
-36
-45
19
51
6
5
51
25
-65
-59
-53
-70
46
70
-18
-2
35
41
59
55
13
-4
-33
-41
5
9
-47
-23
56
5
-63
-4
64
63
8
-51
2
22
-42
-13
16
-22
30
100
11
-46
-41
-84
-35
19
-4
-7
41
41
-61
-125
-90
50
93
-63
-82
12
7
-13
8
6
-73
-72
8
-1
4
56
12
-48
30
90
42
6
-2
3
-5
-4
40
22
24
94
42
-70
-52
-92
-176
-173
-117
-48
77
176
236
268
272
116
-121
-355
-438
-399
-294
-187
76
298
457
574
609
411
40
-385
-580
-758
-832
-494
-86
204
712
1110
1081
879
510
-20
-713
-1239
-1380
-1174
-759
-108
529
1286
1667
1653
1221
396
-431
-1138
-1746
-1873
-1580
-947
106
981
1710
2186
2100
1414
413
-737
-1753
-2372
-2425
-1965
-1016
314
1461
2340
2658
2269
1478
285
-1206
-2282
-2794
-2877
-2201
-896
603
1992
2831
3007
2621
1540
-12
-1584
-3003
-3693
-3295
-2253
-742
1050
2617
3511
3498
2770
1376
-346
-2077
-3448
-3869
-3449
-2210
-419
1477
3131
3996
3916
2872
1081
-858
-2538
-3693
-4021
-3363
-2020
-63
2071
3522
4167
3829
2658
955
-1163
-2881
-3885
-4072
-3233
-1652
375
2358
3688
4179
3731
2357
491
-1497
-3310
-4183
-3955
-2943
-1228
737
2543
3871
4141
3374
1949
76
-1801
-3315
-4119
-3882
-2673
-749
1325
3001
3952
4084
3440
1834
-362
-2344
-3701
-4223
-3776
-2355
-332
1635
3191
4122
4061
2971
1197
-915
-2742
-3864
-4282
-3635
-1934
172
2136
3545
4157
3841
2583
738
-1211
-2985
-4140
-4295
-3433
-1657
479
2419
3766
4114
3515
2228
441
-1519
-3219
-4308
-4353
-3068
-912
1221
2848
3740
3700
2987
1919
467
-1447
-3271
-4392
-4517
-3079
-475
2005
3610
3939
3323
2487
1532
354
-1392
-3584
-5029
-4872
-2897
274
2834
3863
3670
2735
1910
1471
540
-1507
-3942
-5485
-5047
-2264
1308
3631
4039
3086
2043
1620
1553
820
-1486
-4424
-6116
-5154
-1597
2372
4521
4241
2495
1215
1351
1763
767
-1978
-5192
-6702
-5023
-777
3404
5082
3983
1796
675
1284
2051
928
-2365
-5912
-7075
-4424
549
4330
5061
3311
940
294
1680
2566
826
-3105
-6765
-7247
-3719
1556
5192
5245
2716
337
171
1883
2742
487
-3902
-7379
-7241
-2931
2826
5959
4991
1912
-214
342
2363
2699
-221
-4827
-7832
-6697
-1716
3791
6103
4526
1409
-260
698
2620
2478
-999
-5725
-8156
-5922
-287
4608
5993
3884
725
-346
1139
2889
2106
-1950
-6578
-8138
-5135
748
5329
5820
3156
277
-216
1668
3071
1471
-2897
-7203
-7964
-4070
1873
5787
5541
2502
5
148
2049
2893
687
-3918
-7702
-7342
-2693
3029
6076
5122
1957
-208
454
2476
2865
-8
-4902
-8050
-6671
-1556
3869
6117
4434
1243
-388
609
2633
2585
-949
-5781
-8258
-6093
-439
4760
6136
3812
737
-334
1192
3003
2027
-2028
-6538
-8097
-5054
800
5375
5895
3162
301
-174
1600
2999
1396
-2981
-7108
-7735
-3875
1860
5598
5482
2566
42
91
1988
3016
834
-3878
-7700
-7430
-2817
2950
6022
5077
1974
-97
438
2284
2754
-15
-4798
-7942
-6866
-1863
3837
6349
4636
1220
-385
743
2618
2491
-938
-5685
-7998
-5879
-530
4483
6025
4024
1064
-151
1183
2933
2017
-2018
-6569
-8035
-4935
748
5336
5912
3166
397
-71
1640
3073
1530
-3015
-7328
-7813
-3855
1985
5884
5662
2545
-112
-32
1989
3017
870
-3793
-7638
-7304
-2734
2844
5908
5057
1929
-211
403
2455
2928
25
-4827
-8153
-6949
-1581
4007
6255
4644
1382
-378
723
2698
2392
-1050
-5790
-8215
-5740
-75
4780
6082
3854
767
-343
1100
2945
2063
-2123
-6619
-8019
-4978
858
5351
5846
3230
279
-313
1593
3067
1518
-2856
-7168
-7766
-3767
2017
5761
5541
2556
-46
71
2117
2981
728
-3912
-7776
-7382
-2727
3015
6165
5071
1725
-416
275
2410
2914
-23
-4900
-8035
-6792
-1633
3983
6279
4529
1276
-388
653
2613
2511
-830
-5566
-8105
-6066
-593
4555
6113
3940
921
-113
1244
2878
2004
-2001
-6598
-8060
-4934
870
5483
6009
3206
298
-274
1367
2903
1611
-2838
-7236
-7870
-3964
1890
5749
5512
2501
-55
73
2128
3160
884
-3811
-7540
-7396
-2903
3048
6172
5043
1901
-119
454
2530
3043
16
-4783
-7807
-6691
-1688
3885
6209
4585
1517
-84
817
2738
2681
-818
-5682
-8128
-5965
-367
4813
6207
3906
847
-263
1116
2860
2043
-1784
-6234
-7937
-4952
745
4957
5456
3014
321
-130
1508
2800
1420
-2672
-6639
-7175
-3573
1730
5115
4818
2176
5
53
1626
2431
617
-3239
-6328
-6014
-2229
2317
4724
4032
1611
-104
198
1697
2068
-119
-3605
-5660
-4703
-1233
2550
4150
3002
828
-187
548
1684
1515
-611
-3455
-4740
-3391
-211
2646
3286
1954
376
-136
485
1288
1007
-782
-2899
-3581
-2170
346
2214
2399
1308
159
-55
573
1066
535
-964
-2312
-2422
-1188
510
1567
1536
737
10
-3
474
700
212
-782
-1541
-1423
-486
568
1051
829
291
-60
15
286
351
39
-518
-880
-708
-141
366
495
310
77
-11
32
146
163
-30
-230
-289
-208
-22
129
137
62
6
-4
0
-2
-1
0
0
