0
0
0
0
0
0
0
0
0
0
0
0
0
7900
7296
6311
5019
3576
2052
501
-1053
-2586
-4017
-5231
-6217
-7001
-7458
-7525
-7205
-6429
-5205
-3614
-1649
574
2824
5027
7013
8520
9520
9920
9543
8407
6625
4319
1652
-1171
-3893
-6340
-8342
-9654
-10212
-10041
-9135
-7597
-5552
-3176
-707
1691
3873
5660
6961
7791
8105
7900
7296
6311
5019
3576
2052
501
-1053
-2586
-4017
-5231
-6217
-7001
-7458
-7525
-7205
-6429
-5205
-3614
-1649
574
2824
5027
7013
8520
9520
9920
9543
8407
6625
4319
1652
-1171
-3893
-6340
-8342
-9654
-10212
-10041
-9135
-7597
-5552
-3176
-707
1691
3873
5660
6961
7791
8105
7900
7296
6311
5019
3576
2052
501
-1053
-2586
-4017
-5231
-6217
-7001
-7458
-7525
-7205
-6429
-5205
-3614
-1649
574
2824
5027
7013
8520
9520
9920
9543
8407
6625
4319
1652
-1171
-3893
-6340
-8342
-9654
-10212
-10041
-9135
-7597
-5552
-3176
-707
1691
3873
5660
6961
7791
8105
7900
7296
6311
5019
3576
2052
501
-1053
-2586
-4017
-5231
-6217
-7001
-7458
-7525
-7205
-6429
-5205
-3614
-1649
574
2824
5027
7013
8520
9520
9920
9543
8407
6625
4319
1652
-1171
-3893
-6340
-8342
-9654
-10212
-10041
-9135
-7597
-5552
-3176
-707
1691
3873
5660
6961
7791
8105
7900
7296
6311
5019
3576
2052
501
-1053
-2586
-4017
-5231
-6217
-7001
-7458
-7525
-7205
-6429
-5205
-3614
-1649
574
2824
5027
7013
8520
9520
9920
9543
8407
6625
4319
1652
-1171
-3893
-6340
-8342
-9654
-10212
-10041
-9135
-7597
-5552
-3176
-707
1691
3873
5660
6961
7791
8105
7900
7296
6311
5019
3576
2052
501
-1053
-2586
-4017
-5231
-6217
-7001
-7458
-7525
-7205
-6429
-5205
-3614
-1649
574
2824
5027
7013
8520
9520
9920
9543
8407
6625
4319
1652
-1171
-3893
-6340
-8342
-9654
-10212
-10041
-9135
-7597
-5552
-3176
-707
1691
3873
5660
6961
7791
8105
7900
7296
6311
5019
3576
2052
501
-1053
-2586
-4017
-5231
-6217
-7001
-7458
-7525
-7205
-6429
-5205
-3614
-1649
574
2824
5027
7013
8520
9520
9920
9543
8407
6625
4319
1652
-1171
-3893
-6340
-8342
-9654
-10212
-10041
-9135
-7597
-5552
-3176
-707
1691
3873
5660
6961
7791
8105
7900
7296
6311
5019
3576
2052
501
-1053
-2586
-4017
-5231
-6217
-7001
-7458
-7525
-7205
-6429
-5205
-3614
-1649
574
2824
5027
7013
8520
9520
9920
9543
8407
6625
4319
1652
-1171
-3893
-6340
-8342
-9654
-10212
-10041
-9135
-7597
-5552
-3176
-707
1691
3873
5660
6961
7791
8105
7900
7296
6311
5019
3576
2052
501
-1053
-2586
-4017
-5231
-6217
-7001
-7458
-7525
-7205
-6429
-5205
-3614
-1649
574
2824
5027
7013
8520
9520
9920
9543
8407
6625
4319
1652
-1171
-3893
-6340
-8342
-9654
-10212
-10041
-9135
-7597
-5552
-3176
-707
1691
3873
5660
6961
7791
8105
7900
7296
6311
5019
3576
2052
501
-1053
-2586
-4017
-5231
-6217
-7001
-7458
-7525
-7205
-6429
-5205
-3614
-1649
574
2824
5027
7013
8520
9520
9920
9543
8407
6625
4319
1652
-1171
-3893
-6340
-8342
-9654
-10212
-10041
-9135
-7597
-5552
-3176
-707
1691
3873
5660
6961
